Time: 2023-12-10 08:46:53OK
REMAINING = 94
REMAINING = 93
REMAINING = 92
REMAINING = 91
REMAINING = 90
REMAINING = 89
REMAINING = 88
REMAINING = 87
REMAINING = 86
REMAINING = 137
REMAINING = 136
REMAINING = 135
REMAINING = 134
REMAINING = 133
REMAINING = 132
REMAINING = 131
REMAINING = 130
REMAINING = 129
REMAINING = 128
REMAINING = 127
REMAINING = 126
REMAINING = 125
REMAINING = 124
REMAINING = 123
REMAINING = 122
REMAINING = 121
REMAINING = 120
REMAINING = 119
REMAINING = 118
REMAINING = 117
REMAINING = 116
REMAINING = 115
REMAINING = 114
REMAINING = 113
REMAINING = 112
REMAINING = 111
REMAINING = 110
REMAINING = 109
REMAINING = 108
REMAINING = 107
REMAINING = 106
REMAINING = 105
REMAINING = 104
REMAINING = 103
REMAINING = 102
REMAINING = 101
REMAINING = 100
REMAINING = 99
REMAINING = 98
REMAINING = 97
REMAINING = 96
REMAINING = 95
REMAINING = 94
REMAINING = 93
REMAINING = 92
REMAINING = 91
REMAINING = 90
REMAINING = 89
REMAINING = 88
REMAINING = 87
REMAINING = 86
REMAINING = 85
REMAINING = 84
REMAINING = 83
REMAINING = 82
REMAINING = 81
REMAINING = 80
REMAINING = 79
REMAINING = 78
REMAINING = 77
REMAINING = 76
REMAINING = 75
REMAINING = 74
REMAINING = 73
REMAINING = 72
REMAINING = 71
REMAINING = 70
REMAINING = 69
REMAINING = 68
REMAINING = 67
REMAINING = 66
REMAINING = 65
REMAINING = 64
REMAINING = 63
REMAINING = 62
REMAINING = 61
REMAINING = 60
REMAINING = 59
REMAINING = 58
REMAINING = 57
REMAINING = 56
REMAINING = 55
REMAINING = 54
REMAINING = 53
REMAINING = 52
REMAINING = 51
REMAINING = 50
REMAINING = 49
REMAINING = 48
REMAINING = 47
REMAINING = 46
REMAINING = 45
REMAINING = 44
REMAINING = 43
REMAINING = 42
REMAINING = 41
REMAINING = 40
REMAINING = 39
REMAINING = 38
REMAINING = 37
REMAINING = 36
REMAINING = 35
REMAINING = 34
REMAINING = 33
REMAINING = 32
REMAINING = 31
REMAINING = 30
REMAINING = 29
REMAINING = 28
REMAINING = 27
REMAINING = 26
REMAINING = 25
REMAINING = 24
REMAINING = 23
REMAINING = 22
REMAINING = 21
REMAINING = 20
REMAINING = 19
REMAINING = 18
REMAINING = 17
REMAINING = 16
REMAINING = 15
REMAINING = 14
REMAINING = 13
REMAINING = 12
REMAINING = 11
REMAINING = 10
REMAINING = 9
REMAINING = 8
REMAINING = 7
REMAINING = 6
REMAINING = 5
REMAINING = 4
REMAINING = 3
REMAINING = 2
REMAINING = 1
41	41
RECEIVED START OF DATA
0	0	0	0	0	1	240	255	255	255	255	3	0	0	0	0
0	0	0	0	0	0	0	0	0	0	0	0	0	0	0	0
0	0	0	0	0	0	0	0	0	0	0	0	0	0	0	0
0	0	0	0	0	0	0	0	0	0	0	0	0	0	0	0
0	0	0	0	0	0	0	0	0	0	0	0	0	0	0	0
0	0	0	0	0	0	0	0	0	0	0	0	0	0	0	0
0	0	0	0	0	0	0	0	0	0	0	0	0	0	0	0
0	0	0	0	0	0	0	0	0	0	0	0	0	0	0	0
0	0	0	0	0	0	0	0	0	0	0	0	0	0	0	0
0	0	0	0	0	0	0	0	0	0	0	0	0	0	0	0
0	0	0	0	0	0	0	0	0	0	0	0	0	0	0	0
0	0	0	0	0	0	0	0	0	0	0	0	0	0	0	0
0	0	0	0	0	0	0	0	0	0	0	0	0	0	0	0
0	0	0	0	0	0	0	0	0	0	0	0	0	0	0	0
0	0	0	0	0	0	0	0	0	0	0	0	0	0	0	0
0	0	0	0	0	0	0	0	0	0	0	0	0	0	0	0
0	0	0	0	0	0	0	0	0	0	0	0	0	0	0	0
0	0	0	0	0	0	0	0	0	0	0	0	0	0	0	0
0	0	0	0	0	0	0	0	0	0	0	0	0	0	0	0
0	0	0	0	0	0	0	0	0	0	0	0	0	0	0	0
0	0	0	0	0	0	0	0	0	0	0	0	0	0	0	0
0	0	0	0	0	0	0	0	0	0	0	0	0	0	0	0
0	0	0	0	0	0	0	0	0	0	0	0	0	0	0	0
0	0	0	0	0	0	0	0	0	0	0	0	0	0	0	0
0	0	0	0	0	0	0	0	0	0	0	0	0	0	0	0
0	0	0	0	0	0	0	0	0	0	0	0	0	0	0	0
0	0	0	0	0	0	0	0	0	0	0	0	0	0	0	0
0	0	0	0	0	0	0	0	0	0	0	0	0	0	0	0
0	0	0	0	0	0	0	0	0	0	0	0	0	0	0	0
0	0	0	0	0	0	0	0	0	0	0	0	0	0	0	0
255	255	255	255	255	255	255	255	255	255	255	255	255	255	255	255
127	255	255	255	255	255	255	255	255	255	255	255	255	255	255	255
255	255	255	255	255	255	255	255	255	255	63	141	255	255	31	62
255	255	255	255	255	255	255	255	255	255	255	223	255	255	255	255
255	255	255	255	255	255	255	255	255	255	255	255	255	255	255	255
255	255	255	255	255	255	255	255	255	255	63	245	255	251	247	255
255	255	255	255	255	255	255	255	255	255	255	255	255	255	255	255
255	255	255	255	255	255	255	63	241	255	255	255	15	190	31	192
255	255	63	254	255	255	255	255	255	255	255	255	255	255	255	255
255	255	255	255	255	255	255	255	255	255	255	255	255	255	255	255
255	255	255	255	255	255	255	255	255	255	255	255	255	255	255	183
255	255	255	255	255	255	1	0	0	0	0	0	0	0	0	0
0	0	0	0	0	0	0	0	0	0	0	0	0	0	0	0
0	0	0	0	0	0	0	0	0	0	0	0	0	0	0	0
0	0	0	0	0	0	0	0	0	0	0	64	0	0	0	0
0	0	0	0	0	0	0	0	0	0	0	0	0	0	0	0
0	0	0	0	0	0	0	0	0	0	0	0	0	0	0	0
0	0	0	0	0	0	0	0	0	0	240	255	255	255	255	255
255	255	255	255	255	255	255	255	255	255	255	255	255	255	255	255
63	254	255	255	255	255	255	255	255	255	255	255	255	255	255	255
255	255	255	255	255	255	255	255	255	255	255	31	230	255	255	255
255	255	191	255	255	255	255	127	0	0	0	0	0	0	0	0
0	0	0	0	0	0	0	0	0	0	0	0	0	0	0	0
0	0	0	0	0	0	0	0	0	0	0	0	0	0	0	0
0	0	0	0	0	0	0	0	0	0	0	0	0	0	0	0
0	0	0	0	0	0	0	0	0	0	0	0	0	0	0	0
0	0	0	0	0	0	0	0	0	0	0	0	192	3	0	0
0	0	0	0	0	0	0	248	255	255	255	255	255	255	255	255
255	255	255	255	255	255	255	255	255	255	255	255	255	255	255	255
1	0	0	0	0	0	0	0	0	0	0	0	0	0	0	0
0	0	0	0	0	0	0	0	0	0	0	0	0	0	0	0
0	0	0	0	0	0	0	0	0	0	0	0	0	0	0	0
0	0	0	0	0	0	0	0	0	0	0	0	0	0	0	0
0	0	0	0	0	0	0	0	0	0	0	0	0	0	0	0
0	0	0	0	0	0	0	0	0	0	0	0	0	0	0	0
0	0	0	0	0	0	0	0	0	0	0	0	0	0	0	0
0	0	0	0	0	0	0	0	0	0	0	0	0	0	0	0
0	0	0	0	0	0	0	0	0	0	0	0	0	0	0	0
0	0	0	0	0	0	0	0	0	0	0	0	0	0	0	0
0	0	0	0	0	0	0	0	0	0	0	0	0	0	0	0
0	0	0	0	0	0	0	0	0	0	0	0	0	0	0	0
0	0	0	0	0	0	0	0	0	0	0	0	0	0	0	0
0	0	0	0	0	0	0	0	0	0	0	0	0	0	0	0
0	0	0	0	0	0	0	0	0	0	0	0	0	0	0	0
0	0	0	0	0	0	0	0	0	0	0	0	0	0	0	0
0	0	0	0	0	0	0	0	0	0	0	0	0	0	0	0
0	0	0	0	0	0	0	0	0	0	0	0	0	0	0	0
0	0	0	0	0	0	0	0	0	0	0	0	0	0	0	0
0	0	0	0	0	0	0	0	0	0	0	0	0	0	0	0
0	0	0	0	0	0	0	0	0	0	0	0	0	0	0	0
0	0	0	0	0	0	0	0	0	0	0	0	0	0	0	0
0	0	0	0	0	0	0	0	0	0	0	0	0	0	0	0
0	0	0	0	0	0	0	0	0	0	0	0	0	0	0	0
0	0	0	0	0	0	0	0	0	0	0	0	0	0	0	0
0	0	0	0	0	0	0	0	0	0	0	0	0	0	0	0
0	0	0	0	0	0	0	0	0	0	0	0	0	0	0	0
0	0	0	0	0	0	0	0	0	0	0	0	0	0	0	0
0	0	0	0	0	0	0	0	0	0	0	0	0	0	0	0
0	0	0	0	0	0	0	0	0	0	0	0	0	0	0	0
0	0	0	0	0	0	0	0	0	0	0	0	0	0	0	0
0	0	0	0	0	0	0	0	0	0	0	0	0	0	0	0
0	0	0	0	0	0	0	0	0	0	0	0	0	0	0	0
0	0	0	0	0	0	0	0	0	0	0	0	0	0	0	0
0	0	0	0	0	0	0	0	0	0	0	0	0	0	0	0
0	0	0	0	0	0	0	0	0	0	0	0	0	0	0	0
0	0	0	0	0	0	0	0	0	0	0	0	0	0	0	0
0	0	0	0	0	0	0	0	0	0	0	0	0	0	0	0
0	0	0	0	0	0	0	0	0	0	0	0	0	0	0	0
0	0	0	0	0	0	0	0	0	0	0	0	0	0	0	0
0	0	0	0	0	0	0	0	0	0	0	0	0	0	0	0
0	0	0	0	0	0	0	0	0	0	0	0	0	0	0	0
0	0	0	0	0	0	0	0	0	0	0	0	0	0	0	0
0	0	0	0	0	0	0	0	0	0	0	0	0	0	0	0
0	0	0	0	0	0	0	0	0	0	0	0	0	0	0	0
0	0	0	0	0	0	0	0	0	0	0	0	0	0	0	0
0	0	0	0	0	0	0	0	0	0	0	0	0	0	0	0
0	0	0	0	0	0	0	0	0	0	0	0	0	0	0	0
0	0	0	0	0	0	0	0	0	0	0	0	0	0	0	0
0	0	0	0	0	0	0	0	0	0	0	0	0	0	0	0
0	0	0	0	0	0	0	0	0	0	0	0	0	0	0	0
0	0	0	0	0	0	0	0	0	0	0	0	0	0	0	0
0	0	0	0	0	0	0	0	0	0	0	0	0	0	0	0
0	0	0	0	0	0	0	0	0	0	0	0	0	0	0	0
0	0	0	0	0	0	0	0	0	0	0	0	0	0	0	0
0	0	0	0	0	0	0	0	0	0	0	0	0	0	0	0
0	0	0	0	0	0	0	0	0	0	0	0	0	0	0	0
0	0	0	0	0	0	0	0	0	0	0	0	0	0	0	0
0	0	0	0	0	0	0	0	0	0	0	0	0	0	0	0
0	0	0	0	0	0	0	0	0	0	0	0	0	0	0	0
0	0	0	0	0	0	0	0	0	0	0	0	0	0	0	0
0	0	0	0	0	0	0	0	0	0	0	0	0	0	0	0
0	0	0	0	0	0	0	0	0	0	0	0	0	0	0	0
0	0	0	0	0	0	0	0	0	0	0	0	0	0	0	0
0	0	0	0	0	0	0	0	0	0	0	0	0	0	0	0
0	0	0	0	0	0	0	0	0	0	0	0	0	0	0	0
0	0	0	0	0	0	0	0	0	0	0	0	0	0	0	0
0	0	0	0	0	0	0	0	0	0	0	0	0	0	0	0
0	0	0	0	0	0	0	0	0	0	0	0	0	0	0	0
0	0	0	0	0	0	0	0	0	0	0	0	0	0	0	0
0	0	0	0	0	0	0	0	0	0	0	0	0	0	0	0
0	0	0	0	0	0	0	0	0	0	0	0	0	0	0	0
0	0	0	0	0	0	0	0	0	0	0	0	0	0	0	0
0	0	0	0	0	0	0	0	0	0	0	0	0	0	0	0
0	0	0	0	0	0	0	0	0	0	0	0	0	0	0	0
0	0	0	0	0	0	0	0	0	0	0	0	0	0	0	0
0	0	0	0	0	0	0	0	0	0	0	0	0	0	0	0
0	0	0	0	0	0	0	0	0	0	0	0	0	0	0	0
0	0	0	0	0	0	0	0	0	0	0	0	0	0	0	0
0	0	0	0	0	0	0	0	0	0	0	0	0	0	0	0
0	0	0	0	0	0	0	0	0	0	0	0	0	0	0	0
0	0	0	0	0	0	0	0	0	0	0	0	0	0	0	0
0	0	0	0	0	0	0	0	0	0	0	0	0	0	0	0
0	0	0	0	0	0	0	0	0	0	0	0	0	0	0	0
0	0	0	0	0	0	0	0	0	0	0	0	0	0	0	0
0	0	0	0	0	0	0	0	0	0	0	0	0	0	0	0
0	0	0	0	0	0	0	0	0	0	0	0	0	0	0	0
0	0	0	0	0	0	0	0	0	0	0	0	0	0	0	0
0	0	0	0	0	0	0	0	0	0	0	0	0	0	0	0
0	0	0	0	0	0	0	0	0	0	0	0	0	0	0	0
0	0	0	0	0	0	0	0	0	0	0	0	0	0	0	0
0	0	0	0	0	0	0	0	0	0	0	0	0	0	0	0
0	0	0	0	0	0	0	0	0	0	0	0	0	0	0	0
0	0	0	0	0	0	0	0	0	0	0	0	0	0	0	0
0	0	0	0	0	0	0	0	0	0	0	0	0	0	0	0
0	0	0	0	0	0	0	0	0	0	0	0	0	0	0	0
0	0	0	0	0	0	0	0	0	0	0	0	0	0	0	0
0	0	0	0	0	0	0	0	0	0	0	0	0	0	0	0
0	0	0	0	0	0	0	0	0	0	0	0	0	0	0	0
0	0	0	0	0	0	0	0	0	0	0	0	0	0	0	0
0	0	0	0	0	0	0	0	0	0	0	0	0	0	0	0
0	0	0	0	0	0	0	0	0	0	0	0	0	0	0	0
0	0	0	0	0	0	0	0	0	0	0	0	0	0	0	0
0	0	0	0	0	0	0	0	0	0	0	0	0	0	0	0
0	0	0	0	0	0	0	0	0	0	0	0	0	0	0	0
0	0	0	0	0	0	0	0	0	0	0	0	0	0	0	0
0	0	0	0	0	0	0	0	0	0	0	0	0	0	0	0
0	0	0	0	0	0	0	0	0	0	0	0	0	0	0	0
0	0	0	0	0	0	0	0	0	0	0	0	0	0	0	0
0	0	0	0	0	0	0	0	0	0	0	0	0	0	0	0
0	0	0	0	0	0	0	0	0	0	0	0	0	0	0	0
0	0	0	0	0	0	0	0	0	0	0	0	0	0	0	0
0	0	0	0	0	0	0	0	0	0	0	0	0	0	0	0
0	0	0	0	0	0	0	0	0	0	0	0	0	0	0	0
0	0	0	0	0	0	0	0	0	0	0	0	0	0	0	0
0	0	0	0	0	0	0	0	0	0	0	0	0	0	0	0
0	0	0	0	0	0	0	0	0	0	0	0	0	0	0	0
0	0	0	0	0	0	0	0	0	0	0	0	0	0	0	0
0	0	0	0	0	0	0	0	0	0	0	0	0	0	0	0
0	0	0	0	0	0	0	0	0	0	0	0	0	0	0	0
0	0	0	0	0	0	0	0	0	0	0	0	0	0	0	0
0	0	0	0	0	0	0	0	0	0	0	0	0	0	0	0
0	0	0	0	0	0	0	0	0	0	0	0	0	0	0	0
0	0	0	0	0	0	0	0	0	0	0	0	0	0	0	0
0	0	0	0	0	0	0	0	0	0	0	0	0	0	0	0
0	0	0	0	0	0	0	0	0	0	0	0	0	0	0	0
0	0	0	0	0	0	0	0	0	0	0	0	0	0	0	0
0	0	0	0	0	0	0	0	0	0	0	0	0	0	0	0
0	0	0	0	0	0	0	0	0	0	0	0	0	0	0	0
0	0	0	0	0	0	0	0	0	0	0	0	0	0	0	0
0	0	0	0	0	0	0	0	0	0	0	0	0	0	0	0
0	0	0	0	0	0	0	0	0	0	0	0	0	0	0	0
0	0	0	0	0	0	0	0	0	0	0	0	0	0	0	0
0	0	0	0	0	0	0	0	0	0	0	0	0	0	0	0
0	0	0	0	0	0	0	0	0	0	0	0	0	0	0	0
0	0	0	0	0	0	0	0	0	0	0	0	0	0	0	0
0	0	0	0	0	0	0	0	0	0	0	0	0	0	0	0
0	0	0	0	0	0	0	0	0	0	0	0	0	0	0	0
0	0	0	0	0	0	0	0	0	0	0	0	0	0	0	0
0	0	0	0	0	0	0	0	0	0	0	0	0	0	0	0
0	0	0	0	0	0	0	0	0	0	0	0	0	0	0	0
0	0	0	0	0	0	0	0	0	0	0	0	0	0	0	0
0	0	0	0	0	0	0	0	0	0	0	0	0	0	0	0
0	0	0	0	0	0	0	0	0	0	0	0	0	0	0	0
0	0	0	0	0	0	0	0	0	0	0	0	0	0	0	0
0	0	0	0	0	0	0	0	0	0	0	0	0	0	0	0
0	0	0	0	0	0	0	0	0	0	0	0	0	0	0	0
0	0	0	0	0	0	0	0	0	0	0	0	0	0	0	0
0	0	0	0	0	0	0	0	0	0	0	0	0	0	0	0
0	0	0	0	0	0	0	0	0	0	0	0	0	0	0	0
0	0	0	0	0	0	0	0	0	0	0	0	0	0	0	0
0	0	0	0	0	0	0	0	0	0	0	0	0	0	0	0
0	0	0	0	0	0	0	0	0	0	0	0	0	0	0	0
0	0	0	0	0	0	0	0	0	0	0	0	0	0	0	0
0	0	0	0	0	0	0	0	0	0	0	0	0	0	0	0
0	0	0	0	0	0	0	0	0	0	0	0	0	0	0	0
0	0	0	0	0	0	0	0	0	0	0	0	0	0	0	0
0	0	0	0	0	0	0	0	0	0	0	0	0	0	0	0
0	0	0	0	0	0	0	0	0	0	0	0	0	0	0	0
0	0	0	0	0	0	0	0	0	0	0	0	0	0	0	0
0	0	0	0	0	0	0	0	0	0	0	0	0	0	0	0
0	0	0	0	0	0	0	0	0	0	0	0	0	0	0	0
0	0	0	0	0	0	0	0	0	0	0	0	0	0	0	0
0	0	0	0	0	0	0	0	0	0	0	0	0	0	0	0
0	0	0	0	0	0	0	0	0	0	0	0	0	0	0	0
0	0	0	0	0	0	0	0	0	0	0	0	0	0	0	0
0	0	0	0	0	0	0	0	0	0	0	0	0	0	0	0
0	0	0	0	0	0	0	0	0	0	0	0	0	0	0	0
0	0	0	0	0	0	0	0	0	0	0	0	0	0	0	0
0	0	0	0	0	0	0	0	0	0	0	0	0	0	0	0
0	0	0	0	0	0	0	0	0	0	0	0	0	0	0	0
0	0	0	0	0	0	0	0	0	0	0	0	0	0	0	0
0	0	0	0	0	0	0	0	0	0	0	0	0	0	0	0
0	0	0	0	0	0	0	0	0	0	0	0	0	0	0	0
0	0	0	0	0	0	0	0	0	0	0	0	0	0	0	0
0	0	0	0	0	0	0	0	0	0	0	0	0	0	0	0
0	0	0	0	0	0	0	0	0	0	0	0	0	0	0	0
0	0	0	0	0	0	0	0	0	0	0	0	0	0	0	0
0	0	0	0	0	0	0	0	0	0	0	0	0	0	0	0
0	0	0	0	0	0	0	0	0	0	0	0	0	0	0	0
0	0	0	0	0	0	0	0	0	0	0	0	0	0	0	0
0	0	0	0	0	0	0	0	0	0	0	0	0	0	0	0
0	0	0	0	0	0	0	0	0	0	0	0	0	0	0	0
0	0	0	0	0	0	0	0	0	0	0	0	0	0	0	0
0	0	0	0	0	0	0	0	0	0	0	0	0	0	0	0
0	0	0	0	0	0	0	0	0	0	0	0	0	0	0	0
0	0	0	0	0	0	0	0	0	0	0	0	0	0	0	0
0	0	0	0	0	0	0	0	0	0	0	0	0	0	0	0
0	0	0	0	0	0	0	0	0	0	0	0	0	0	0	0
0	0	0	0	0	0	0	0	0	0	0	0	0	0	0	0
0	0	0	0	0	0	0	0	0	0	0	0	0	0	0	0
0	0	0	0	0	0	0	0	0	0	0	0	0	0	0	0
0	0	0	0	0	0	0	0	0	0	0	0	0	0	0	0
0	0	0	0	0	0	0	0	0	0	0	0	0	0	0	0
0	0	0	0	0	0	0	0	0	0	0	0	0	0	0	0
0	0	0	0	0	0	0	0	0	0	0	0	0	0	0	0
0	0	0	0	0	0	0	0	0	0	0	0	0	0	0	0
0	0	0	0	0	0	0	0	0	0	0	0	0	0	0	0
0	0	0	0	0	0	0	0	0	0	0	0	0	0	0	0
0	0	0	0	0	0	0	0	0	0	0	0	0	0	0	0
0	0	0	0	0	0	0	0	0	0	0	0	0	0	0	0
0	0	0	0	0	0	0	0	0	0	0	0	0	0	0	0
0	0	0	0	0	0	0	0	0	0	0	0	0	0	0	0
0	0	0	0	0	0	0	0	0	0	0	0	0	0	0	0
0	0	0	0	0	0	0	0	0	0	0	0	0	0	0	0
0	0	0	0	0	0	0	0	0	0	0	0	0	0	0	0
0	0	0	0	0	0	0	0	0	0	0	0	0	0	0	0
0	0	0	0	0	0	0	0	0	0	0	0	0	0	0	0
0	0	0	0	0	0	0	0	0	0	0	0	0	0	0	0
0	0	0	0	0	0	0	0	0	0	0	0	0	0	0	0
0	0	0	0	0	0	0	0	0	0	0	0	0	0	0	0
0	0	0	0	0	0	0	0	0	0	0	0	0	0	0	0
0	0	0	0	0	0	0	0	0	0	0	0	0	0	0	0
0	0	0	0	0	0	0	0	0	0	0	0	0	0	0	0
0	0	0	0	0	0	0	0	0	0	0	0	0	0	0	0
0	0	0	0	0	0	0	0	0	0	0	0	0	0	0	0
0	0	0	0	0	0	0	0	0	0	0	0	0	0	0	0
0	0	0	0	0	0	0	0	0	0	0	0	0	0	0	0
0	0	0	0	0	0	0	0	0	0	0	0	0	0	0	0
0	0	0	0	0	0	0	0	0	0	0	0	0	0	0	0
0	0	0	0	0	0	0	0	0	0	0	0	0	0	0	0
0	0	0	0	0	0	0	0	0	0	0	0	0	0	0	0
0	0	0	0	0	0	0	0	0	0	0	0	0	0	0	0
0	0	0	0	0	0	0	0	0	0	0	0	0	0	0	0
0	0	0	0	0	0	0	0	0	0	0	0	0	0	0	0
0	0	0	0	0	0	0	0	0	0	0	0	0	0	0	0
0	0	0	0	0	0	0	0	0	0	0	0	0	0	0	0
0	0	0	0	0	0	0	0	0	0	0	0	0	0	0	0
0	0	0	0	0	0	0	0	0	0	0	0	0	0	0	0
0	0	0	0	0	0	0	0	0	0	0	0	0	0	0	0
0	0	0	0	0	0	0	0	0	0	0	0	0	0	0	0
0	0	0	0	0	0	0	0	0	0	0	0	0	0	0	0
0	0	0	0	0	0	0	0	0	0	0	0	0	0	0	0
0	0	0	0	0	0	0	0	0	0	0	0	0	0	0	0
0	0	0	0	0	0	0	0	0	0	0	0	0	0	0	0
0	0	0	0	0	0	0	0	0	0	0	0	0	0	0	0
0	0	0	0	0	0	0	0	0	0	0	0	0	0	0	0
0	0	0	0	0	0	0	0	0	0	0	0	0	0	0	0
0	0	0	0	0	0	0	0	0	0	0	0	0	0	0	0
0	0	0	0	0	0	0	0	0	0	0	0	0	0	0	0
0	0	0	0	0	0	0	0	0	0	0	0	0	0	0	0
0	0	0	0	0	0	0	0	0	0	0	0	0	0	0	0
0	0	0	0	0	0	0	0	0	0	0	0	0	0	0	0
0	0	0	0	0	0	0	0	0	0	0	0	0	0	0	0
0	0	0	0	0	0	0	0	0	0	0	0	0	0	0	0
0	0	0	0	0	0	0	0	0	0	0	0	0	0	0	0
0	0	0	0	0	0	0	0	0	0	0	0	0	0	0	0
0	0	0	0	0	0	0	0	0	0	0	0	0	0	0	0
0	0	0	0	0	0	0	0	0	0	0	0	0	0	0	0
0	0	0	0	0	0	0	0	0	0	0	0	0	0	0	0
0	0	0	0	0	0	0	0	0	0	0	0	0	0	0	0
0	0	0	0	0	0	0	0	0	0	0	0	0	0	0	0
0	0	0	0	0	0	0	0	0	0	0	0	0	0	0	0
0	0	0	0	0	0	0	0	0	0	0	0	0	0	0	0
0	0	0	0	0	0	0	0	0	0	0	0	0	0	0	0
0	0	0	0	0	0	0	0	0	0	0	0	0	0	0	0
0	0	0	0	0	0	0	0	0	0	0	0	0	0	0	0
0	0	0	0	0	0	0	0	0	0	0	0	0	0	0	0
0	0	0	0	0	0	0	0	0	0	0	0	0	0	0	0
0	0	0	0	0	0	0	0	0	0	0	0	0	0	0	0
0	0	0	0	0	0	0	0	0	0	0	0	0	0	0	0
0	0	0	0	0	0	0	0	0	0	0	0	0	0	0	0
0	0	0	0	0	0	0	0	0	0	0	0	0	0	0	0
0	0	0	0	0	0	0	0	0	0	0	0	0	0	0	0
0	0	0	0	0	0	0	0	0	0	0	0	0	0	0	0
0	0	0	0	0	0	0	0	0	0	0	0	0	0	0	0
0	0	0	0	0	0	0	0	0	0	0	0	0	0	0	0
0	0	0	0	0	0	0	0	0	0	0	0	0	0	0	0
0	0	0	0	0	0	0	0	0	0	0	0	0	0	0	0
0	0	0	0	0	0	0	0	0	0	0	0	0	0	0	0
0	0	0	0	0	0	0	0	0	0	0	0	0	0	0	0
0	0	0	0	0	0	0	0	0	0	0	0	0	0	0	0
0	0	0	0	0	0	0	0	0	0	0	0	0	0	0	0
0	0	0	0	0	0	0	0	0	0	0	0	0	0	0	0
0	0	0	0	0	0	0	0	0	0	0	0	0	0	0	0
0	0	0	0	0	0	0	0	0	0	0	0	0	0	0	0
0	0	0	0	0	0	0	0	0	0	0	0	0	0	0	0
0	0	0	0	0	0	0	0	0	0	0	0	0	0	0	0
0	0	0	0	0	0	0	0	0	0	0	0	0	0	0	0
0	0	0	0	0	0	0	0	0	0	0	0	0	0	0	0
0	0	0	0	0	0	0	0	0	0	0	0	0	0	0	0
0	0	0	0	0	0	0	0	0	0	0	0	0	0	0	0
0	0	0	0	0	0	0	0	0	0	0	0	0	0	0	0
0	0	0	0	0	0	0	0	0	0	0	0	0	0	0	0
0	0	0	0	0	0	0	0	0	0	0	0	0	0	0	0
0	0	0	0	0	0	0	0	0	0	0	0	0	0	0	0
0	0	0	0	0	0	0	0	0	0	0	0	0	0	0	0
0	0	0	0	0	0	0	0	0	0	0	0	0	0	0	0
0	0	0	0	0	0	0	0	0	0	0	0	0	0	0	0
0	0	0	0	0	0	0	0	0	0	0	0	0	0	0	0
0	0	0	0	0	0	0	0	0	0	0	0	0	0	0	0
0	0	0	0	0	0	0	0	0	0	0	0	0	0	0	0
0	0	0	0	0	0	0	0	0	0	0	0	0	0	0	0
0	0	0	0	0	0	0	0	0	0	0	0	0	0	0	0
0	0	0	0	0	0	0	0	0	0	0	0	0	0	0	0
0	0	0	0	0	0	0	0	0	0	0	0	0	0	0	0
0	0	0	0	0	0	0	0	0	0	0	0	0	0	0	0
0	0	0	0	0	0	0	0	0	0	0	0	0	0	0	0
0	0	0	0	0	0	0	0	0	0	0	0	0	0	0	0
0	0	0	0	0	0	0	0	0	0	0	0	0	0	0	0
0	0	0	0	0	0	0	0	0	0	0	0	0	0	0	0
0	0	0	0	0	0	0	0	0	0	0	0	0	0	0	0
0	0	0	0	0	0	0	0	0	0	0	0	0	0	0	0
0	0	0	0	0	0	0	0	0	0	0	0	0	0	0	0
0	0	0	0	0	0	0	0	0	0	0	0	0	0	0	0
0	0	0	0	0	0	0	0	0	0	0	0	0	0	0	0
0	0	0	0	0	0	0	0	0	0	0	0	0	0	0	0
0	0	0	0	0	0	0	0	0	0	0	0	0	0	0	0
0	0	0	0	0	0	0	0	0	0	0	0	0	0	0	0
0	0	0	0	0	0	0	0	0	0	0	0	0	0	0	0
0	0	0	0	0	0	0	0	0	0	0	0	0	0	0	0
0	0	0	0	0	0	0	0	0	0	0	0	0	0	0	0
0	0	0	0	0	0	0	0	0	0	0	0	0	0	0	0
0	0	0	0	0	0	0	0	0	0	0	0	0	0	0	0
0	0	0	0	0	0	0	0	0	0	0	0	0	0	0	0
0	0	0	0	0	0	0	0	0	0	0	0	0	0	0	0
0	0	0	0	0	0	0	0	0	0	0	0	0	0	0	0
0	0	0	0	0	0	0	0	0	0	0	0	0	0	0	0
0	0	0	0	0	0	0	0	0	0	0	0	0	0	0	0
0	0	0	0	0	0	0	0	0	0	0	0	0	0	0	0
0	0	0	0	0	0	0	0	0	0	0	0	0	0	0	0
0	0	0	0	0	0	0	0	0	0	0	0	0	0	0	0
0	0	0	0	0	0	0	0	0	0	0	0	0	0	0	0
0	0	0	0	0	0	0	0	0	0	0	0	0	0	0	0
0	0	0	0	0	0	0	0	0	0	0	0	0	0	0	0
0	0	0	0	0	0	0	0	0	0	0	0	0	0	0	0
0	0	0	0	0	0	0	0	0	0	0	0	0	0	0	0
0	0	0	0	0	0	0	0	0	0	0	0	0	0	0	0
0	0	0	0	0	0	0	0	0	0	0	0	0	0	0	0
0	0	0	0	0	0	0	0	0	0	0	0	0	0	0	0
0	0	0	0	0	0	0	0	0	0	0	0	0	0	0	0
0	0	0	0	0	0	0	0	0	0	0	0	0	0	0	0
0	0	0	0	0	0	0	0	0	0	0	0	0	0	0	0
0	0	0	0	0	0	0	0	0	0	0	0	0	0	0	0
0	0	0	0	0	0	0	0	0	0	0	0	0	0	0	0
0	0	0	0	0	0	0	0	0	0	0	0	0	0	0	0
0	0	0	0	0	0	0	0	0	0	0	0	0	0	0	0
0	0	0	0	0	0	0	0	0	0	0	0	0	0	0	0
0	0	0	0	0	0	0	0	0	0	0	0	0	0	0	0
0	0	0	0	0	0	0	0	0	0	0	0	0	0	0	0
0	0	0	0	0	0	0	0	0	0	0	0	0	0	0	0
0	0	0	0	0	0	0	0	0	0	0	0	0	0	0	0
0	0	0	0	0	0	0	0	0	0	0	0	0	0	0	0
0	0	0	0	0	0	0	0	0	0	0	0	0	0	0	0
0	0	0	0	0	0	0	0	0	0	0	0	0	0	0	0
0	0	0	0	0	0	0	0	0	0	0	0	0	0	0	0
0	0	0	0	0	0	0	0	0	0	0	0	0	0	0	0
0	0	0	0	0	0	0	0	0	0	0	0	0	0	0	0
0	0	0	0	0	0	0	0	0	0	0	0	0	0	0	0
0	0	0	0	0	0	0	0	0	0	0	0	0	0	0	0
0	0	0	0	0	0	0	0	0	0	0	0	0	0	0	0
0	0	0	0	0	0	0	0	0	0	0	0	0	0	0	0
0	0	0	0	0	0	0	0	0	0	0	0	0	0	0	0
0	0	0	0	0	0	0	0	0	0	0	0	0	0	0	0
0	0	0	0	0	0	0	0	0	0	0	0	0	0	0	0
0	0	0	0	0	0	0	0	0	0	0	0	0	0	0	0
0	0	0	0	0	0	0	0	0	0	0	0	0	0	0	0
0	0	0	0	0	0	0	0	0	0	0	0	0	0	0	0
0	0	0	0	0	0	0	0	0	0	0	0	0	0	0	0
0	0	0	0	0	0	0	0	0	0	0	0	0	0	0	0
0	0	0	0	0	0	0	0	0	0	0	0	0	0	0	0
0	0	0	0	0	0	0	0	0	0	0	0	0	0	0	0
0	0	0	0	0	0	0	0	0	0	0	0	0	0	0	0
0	0	0	0	0	0	0	0	0	0	0	0	0	0	0	0
0	0	0	0	0	0	0	0	0	0	0	0	0	0	0	0
0	0	0	0	0	0	0	0	0	0	0	0	0	0	0	0
0	0	0	0	0	0	0	0	0	0	0	0	0	0	0	0
0	0	0	0	0	0	0	0	0	0	0	0	0	0	0	0
0	0	0	0	0	0	0	0	0	0	0	0	0	0	0	0
0	0	0	0	0	0	0	0	0	0	0	0	0	0	0	0
0	0	0	0	0	0	0	0	0	0	0	0	0	0	0	0
0	0	0	0	0	0	0	0	0	0	0	0	0	0	0	0
0	0	0	0	0	0	0	0	0	0	0	0	0	0	0	0
0	0	0	0	0	0	0	0	0	0	0	0	0	0	0	0
0	0	0	0	0	0	0	0	0	0	0	0	0	0	0	0
0	0	0	0	0	0	0	0	0	0	0	0	0	0	0	0
0	0	0	0	0	0	0	0	0	0	0	0	0	0	0	0
0	0	0	0	0	0	0	0	0	0	0	0	0	0	0	0
0	0	0	0	0	0	0	0	0	0	0	0	0	0	0	0
0	0	0	0	0	0	0	0	0	0	0	0	0	0	0	0
0	0	0	0	0	0	0	0	0	0	0	0	0	0	0	0
0	0	0	0	0	0	0	0	0	0	0	0	0	0	0	0
0	0	0	0	0	0	0	0	0	0	0	0	0	0	0	0
0	0	0	0	0	0	0	0	0	0	0	0	0	0	0	0
0	0	0	0	0	0	0	0	0	0	0	0	0	0	0	0
0	0	0	0	0	0	0	0	0	0	0	0	0	0	0	0
0	0	0	0	0	0	0	0	0	0	0	0	0	0	0	0
0	0	0	0	0	0	0	0	0	0	0	0	0	0	0	0
0	0	0	0	0	0	0	0	0	0	0	0	0	0	0	0
0	0	0	0	0	0	0	0	0	0	0	0	0	0	0	0
0	0	0	0	0	0	0	0	0	0	0	0	0	0	0	0
0	0	0	0	0	0	0	0	0	0	0	0	0	0	0	0
0	0	0	0	0	0	0	0	0	0	0	0	0	0	0	0
0	0	0	0	0	0	0	0	0	0	0	0	0	0	0	0
0	0	0	0	0	0	0	0	0	0	0	0	0	0	0	0
0	0	0	0	0	0	0	0	0	0	0	0	0	0	0	0
0	0	0	0	0	0	0	0	0	0	0	0	0	0	0	0
0	0	0	0	0	0	0	0	0	0	0	0	0	0	0	0
0	0	0	0	0	0	0	0	0	0	0	0	0	0	0	0
0	0	0	0	0	0	0	0	0	0	0	0	0	0	0	0
0	0	0	0	0	0	0	0	0	0	0	0	0	0	0	0
0	0	0	0	0	0	0	0	0	0	0	0	0	0	0	0
0	0	0	0	0	0	0	0	0	0	0	0	0	0	0	0
0	0	0	0	0	0	0	0	0	0	0	0	0	0	0	0
0	0	0	0	0	0	0	0	0	0	0	0	0	0	0	0
0	0	0	0	0	0	0	0	0	0	0	0	0	0	0	0
0	0	0	0	0	0	0	0	0	0	0	0	0	0	0	0
0	0	0	0	0	0	0	0	0	0	0	0	0	0	0	0
0	0	0	0	0	0	0	0	0	0	0	0	0	0	0	0
0	0	0	0	0	0	0	0	0	0	0	0	0	0	0	0
0	0	0	0	0	0	0	0	0	0	0	0	0	0	0	0
0	0	0	0	0	0	0	0	0	0	0	0	0	0	0	0
0	0	0	0	0	0	0	0	0	0	0	0	0	0	0	0
0	0	0	0	0	0	0	0	0	0	0	0	0	0	0	0
0	0	0	0	0	0	0	0	0	0	0	0	0	0	0	0
0	0	0	0	0	0	0	0	0	0	0	0	0	0	0	0
0	0	0	0	0	0	0	0	0	0	0	0	0	0	0	0
0	0	0	0	0	0	0	0	0	0	0	0	0	0	0	0
0	0	0	0	0	0	0	0	0	0	0	0	0	0	0	0
0	0	0	0	0	0	0	0	0	0	0	0	0	0	0	0
0	0	0	0	0	0	0	0	0	0	0	0	0	0	0	0
0	0	0	0	0	0	0	0	0	0	0	0	0	0	0	0
0	0	0	0	0	0	0	0	0	0	0	0	0	0	0	0
0	0	0	0	0	0	0	0	0	0	0	0	0	0	0	0
0	0	0	0	0	0	0	0	0	0	0	0	0	0	0	0
0	0	0	0	0	0	0	0	0	0	0	0	0	0	0	0
0	0	0	0	0	0	0	0	0	0	0	0	0	0	0	0
0	0	0	0	0	0	0	0	0	0	0	0	0	0	0	0
0	0	0	0	0	0	0	0	0	0	0	0	0	0	0	0
0	0	0	0	0	0	0	0	0	0	0	0	0	0	0	0
0	0	0	0	0	0	0	0	0	0	0	0	0	0	0	0
0	0	0	0	0	0	0	0	0	0	0	0	0	0	0	0
0	0	0	0	0	0	0	0	0	0	0	0	0	0	0	0
0	0	0	0	0	0	0	0	0	0	0	0	0	0	0	0
0	0	0	0	0	0	0	0	0	0	0	0	0	0	0	0
0	0	0	0	0	0	0	0	0	0	0	0	0	0	0	0
0	0	0	0	0	0	0	0	0	0	0	0	0	0	0	0
0	0	0	0	0	0	0	0	0	0	0	0	0	0	0	0
0	0	0	0	0	0	0	0	0	0	0	0	0	0	0	0
0	0	0	0	0	0	0	0	0	0	0	0	0	0	0	0
0	0	0	0	0	0	0	0	0	0	0	0	0	0	0	0
0	0	0	0	0	0	0	0	0	0	0	0	0	0	0	0
0	0	0	0	0	0	0	0	0	0	0	0	0	0	0	0
0	0	0	0	0	0	0	0	0	0	0	0	0	0	0	0
0	0	0	0	0	0	0	0	0	0	0	0	0	0	0	0
0	0	0	0	0	0	0	0	0	0	0	0	0	0	0	0
0	0	0	0	0	0	0	0	0	0	0	0	0	0	0	0
0	0	0	0	0	0	0	0	0	0	0	0	0	0	0	0
0	0	0	0	0	0	0	0	0	0	0	0	0	0	0	0
0	0	0	0	0	0	0	0	0	0	0	0	0	0	0	0
0	0	0	0	0	0	0	0	0	0	0	0	0	0	0	0
0	0	0	0	0	0	0	0	0	0	0	0	0	0	0	0
0	0	0	0	0	0	0	0	0	0	0	0	0	0	0	0
0	0	0	0	0	0	0	0	0	0	0	0	0	0	0	0
0	0	0	0	0	0	0	0	0	0	0	0	0	0	0	0
0	0	0	0	0	0	0	0	0	0	0	0	0	0	0	0
0	0	0	0	0	0	0	0	0	0	0	0	0	0	0	0
0	0	0	0	0	0	0	0	0	0	0	0	0	0	0	0
0	0	0	0	0	0	0	0	0	0	0	0	0	0	0	0
0	0	0	0	0	0	0	0	0	0	0	0	0	0	0	0
0	0	0	0	0	0	0	0	0	0	0	0	0	0	0	0
0	0	0	0	0	0	0	0	0	0	0	0	0	0	0	0
0	0	0	0	0	0	0	0	0	0	0	0	0	0	0	0
0	0	0	0	0	0	0	0	0	0	0	0	0	0	0	0
0	0	0	0	0	0	0	0	0	0	0	0	0	0	0	0
0	0	0	0	0	0	0	0	0	0	0	0	0	0	0	0
0	0	0	0	0	0	0	0	0	0	0	0	0	0	0	0
0	0	0	0	0	0	0	0	0	0	0	0	0	0	0	0
0	0	0	0	0	0	0	0	0	0	0	0	0	0	0	0
0	0	0	0	0	0	0	0	0	0	0	0	0	0	0	0
0	0	0	0	0	0	0	0	0	0	0	0	0	0	0	0
0	0	0	0	0	0	0	0	0	0	0	0	0	0	0	0
0	0	0	0	0	0	0	0	0	0	0	0	0	0	0	0
0	0	0	0	0	0	0	0	0	0	0	0	0	0	0	0
0	0	0	0	0	0	0	0	0	0	0	0	0	0	0	0
0	0	0	0	0	0	0	0	0	0	0	0	0	0	0	0
0	0	0	0	0	0	0	0	0	0	0	0	0	0	0	0
0	0	0	0	0	0	0	0	0	0	0	0	0	0	0	0
0	0	0	0	0	0	0	0	0	0	0	0	0	0	0	0
0	0	0	0	0	0	0	0	0	0	0	0	0	0	0	0
0	0	0	0	0	0	0	0	0	0	0	0	0	0	0	0
0	0	0	0	0	0	0	0	0	0	0	0	0	0	0	0
0	0	0	0	0	0	0	0	0	0	0	0	0	0	0	0
0	0	0	0	0	0	0	0	0	0	0	0	0	0	0	0
0	0	0	0	0	0	0	0	0	0	0	0	0	0	0	0
0	0	0	0	0	0	0	0	0	0	0	0	0	0	0	0
0	0	0	0	0	0	0	0	0	0	0	0	0	0	0	0
0	0	0	0	0	0	0	0	0	0	0	0	0	0	0	0
0	0	0	0	0	0	0	0	0	0	0	0	0	0	0	0
0	0	0	0	0	0	0	0	0	0	0	0	0	0	0	0
0	0	0	0	0	0	0	0	0	0	0	0	0	0	0	0
0	0	0	0	0	0	0	0	0	0	0	0	0	0	0	0
0	0	0	0	0	0	0	0	0	0	0	0	0	0	0	0
0	0	0	0	0	0	0	0	0	0	0	0	0	0	0	0
0	0	0	0	0	0	0	0	0	0	0	0	0	0	0	0
0	0	0	0	0	0	0	0	0	0	0	0	0	0	0	0
0	0	0	0	0	0	0	0	0	0	0	0	0	0	0	0
0	0	0	0	0	0	0	0	0	0	0	0	0	0	0	0
0	0	0	0	0	0	0	0	0	0	0	0	0	0	0	0
0	0	0	0	0	0	0	0	0	0	0	0	0	0	0	0
0	0	0	0	0	0	0	0	0	0	0	0	0	0	0	0
0	0	0	0	0	0	0	0	0	0	0	0	0	0	0	0
0	0	0	0	0	0	0	0	0	0	0	0	0	0	0	0
0	0	0	0	0	0	0	0	0	0	0	0	0	0	0	0
0	0	0	0	0	0	0	0	0	0	0	0	0	0	0	0
0	0	0	0	0	0	0	0	0	0	0	0	0	0	0	0
0	0	0	0	0	0	0	0	0	0	0	0	0	0	0	0
0	0	0	0	0	0	0	0	0	0	0	0	0	0	0	0
0	0	0	0	0	0	0	0	0	0	0	0	0	0	0	0
0	0	0	0	0	0	0	0	0	0	0	0	0	0	0	0
0	0	0	0	0	0	0	0	0	0	0	0	0	0	0	0
0	0	0	0	0	0	0	0	0	0	0	0	0	0	0	0
0	0	0	0	0	0	0	0	0	0	0	0	0	0	0	0
0	0	0	0	0	0	0	0	0	0	0	0	0	0	0	0
0	0	0	0	0	0	0	0	0	0	0	0	0	0	0	0
0	0	0	0	0	0	0	0	0	0	0	0	0	0	0	0
0	0	0	0	0	0	0	0	0	0	0	0	0	0	0	0
0	0	0	0	0	0	0	0	0	0	0	0	0	0	0	0
0	0	0	0	0	0	0	0	0	0	0	0	0	0	0	0
0	0	0	0	0	0	0	0	0	0	0	0	0	0	0	0
0	0	0	0	0	0	0	0	0	0	0	0	0	0	0	0
0	0	0	0	0	0	0	0	0	0	0	0	0	0	0	0
0	0	0	0	0	0	0	0	0	0	0	0	0	0	0	0
0	0	0	0	0	0	0	0	0	0	0	0	0	0	0	0
0	0	0	0	0	0	0	0	0	0	0	0	0	0	0	0
0	0	0	0	0	0	0	0	0	0	0	0	0	0	0	0
0	0	0	0	0	0	0	0	0	0	0	0	0	0	0	0
0	0	0	0	0	0	0	0	0	0	0	0	0	0	0	0
0	0	0	0	0	0	0	0	0	0	0	0	0	0	0	0
0	0	0	0	0	0	0	0	0	0	0	0	0	0	0	0
0	0	0	0	0	0	0	0	0	0	0	0	0	0	0	0
0	0	0	0	0	0	0	0	0	0	0	0	0	0	0	0
0	0	0	0	0	0	0	0	0	0	0	0	0	0	0	0
0	0	0	0	0	0	0	0	0	0	0	0	0	0	0	0
0	0	0	0	0	0	0	0	0	0	0	0	0	0	0	0
0	0	0	0	0	0	0	0	0	0	0	0	0	0	0	0
0	0	0	0	0	0	0	0	0	0	0	0	0	0	0	0
0	0	0	0	0	0	0	0	0	0	0	0	0	0	0	0
0	0	0	0	0	0	0	0	0	0	0	0	0	0	0	0
0	0	0	0	0	0	0	0	0	0	0	0	0	0	0	0
0	0	0	0	0	0	0	0	0	0	0	0	0	0	0	0
0	0	0	0	0	0	0	0	0	0	0	0	0	0	0	0
0	0	0	0	0	0	0	0	0	0	0	0	0	0	0	0
0	0	0	0	0	0	0	0	0	0	0	0	0	0	0	0
0	0	0	0	0	0	0	0	0	0	0	0	0	0	0	0
0	0	0	0	0	0	0	0	0	0	0	0	0	0	0	0
0	0	0	0	0	0	0	0	0	0	0	0	0	0	0	0
0	0	0	0	0	0	0	0	0	0	0	0	0	0	0	0
0	0	0	0	0	0	0	0	0	0	0	0	0	0	0	0
0	0	0	0	0	0	0	0	0	0	0	0	0	0	0	0
0	0	0	0	0	0	0	0	0	0	0	0	0	0	0	0
0	0	0	0	0	0	0	0	0	0	0	0	0	0	0	0
0	0	0	0	0	0	0	0	0	0	0	0	0	0	0	0
0	0	0	0	0	0	0	0	0	0	0	0	0	0	0	0
0	0	0	0	0	0	0	0	0	0	0	0	0	0	0	0
0	0	0	0	0	0	0	0	0	0	0	0	0	0	0	0
0	0	0	0	0	0	0	0	0	0	0	0	0	0	0	0
0	0	0	0	0	0	0	0	0	0	0	0	0	0	0	0
0	0	0	0	0	0	0	0	0	0	0	0	0	0	0	0
0	0	0	0	0	0	0	0	0	0	0	0	0	0	0	0
0	0	0	0	0	0	0	0	0	0	0	0	0	0	0	0
0	0	0	0	0	0	0	0	0	0	0	0	0	0	0	0
0	0	0	0	0	0	0	0	0	0	0	0	0	0	0	0
0	0	0	0	0	0	0	0	0	0	0	0	0	0	0	0
0	0	0	0	0	0	0	0	0	0	0	0	0	0	0	0
0	0	0	0	0	0	0	0	0	0	0	0	0	0	0	0
0	0	0	0	0	0	0	0	0	0	0	0	0	0	0	0
0	0	0	0	0	0	0	0	0	0	0	0	0	0	0	0
0	0	0	0	0	0	0	0	0	0	0	0	0	0	0	0
0	0	0	0	0	0	0	0	0	0	0	0	0	0	0	0
0	0	0	0	0	0	0	0	0	0	0	0	0	0	0	0
0	0	0	0	0	0	0	0	0	0	0	0	0	0	0	0
0	0	0	0	0	0	0	0	0	0	0	0	0	0	0	0
0	0	0	0	0	0	0	0	0	0	0	0	0	0	0	0
0	0	0	0	0	0	0	0	0	0	0	0	0	0	0	0
0	0	0	0	0	0	0	0	0	0	0	0	0	0	0	0
0	0	0	0	0	0	0	0	0	0	0	0	0	0	0	0
0	0	0	0	0	0	0	0	0	0	0	0	0	0	0	0
0	0	0	0	0	0	0	0	0	0	0	0	0	0	0	0
0	0	0	0	0	0	0	0	0	0	0	0	0	0	0	0
0	0	0	0	0	0	0	0	0	0	0	0	0	0	0	0
0	0	0	0	0	0	0	0	0	0	0	0	0	0	0	0
0	0	0	0	0	0	0	0	0	0	0	0	0	0	0	0
0	0	0	0	0	0	0	0	0	0	0	0	0	0	0	0
0	0	0	0	0	0	0	0	0	0	0	0	0	0	0	0
0	0	0	0	0	0	0	0	0	0	0	0	0	0	0	0
0	0	0	0	0	0	0	0	0	0	0	0	0	0	0	0
0	0	0	0	0	0	0	0	0	0	0	0	0	0	0	0
0	0	0	0	0	0	0	0	0	0	0	0	0	0	0	0
0	0	0	0	0	0	0	0	0	0	0	0	0	0	0	0
0	0	0	0	0	0	0	0	0	0	0	0	0	0	0	0
0	0	0	0	0	0	0	0	0	0	0	0	0	0	0	0
0	0	0	0	0	0	0	0	0	0	0	0	0	0	0	0
0	0	0	0	0	0	0	0	0	0	0	0	0	0	0	0
0	0	0	0	0	0	0	0	0	0	0	0	0	0	0	0
0	0	0	0	0	0	0	0	0	0	0	0	0	0	0	0
0	0	0	0	0	0	0	0	0	0	0	0	0	0	0	0
0	0	0	0	0	0	0	0	0	0	0	0	0	0	0	0
0	0	0	0	0	0	0	0	0	0	0	0	0	0	0	0
0	0	0	0	0	0	0	0	0	0	0	0	0	0	0	0
0	0	0	0	0	0	0	0	0	0	0	0	0	0	0	0
0	0	0	0	0	0	0	0	0	0	0	0	0	0	0	0
0	0	0	0	0	0	0	0	0	0	0	0	0	0	0	0
0	0	0	0	0	0	0	0	0	0	0	0	0	0	0	0
0	0	0	0	0	0	0	0	0	0	0	0	0	0	0	0
0	0	0	0	0	0	0	0	0	0	0	0	0	0	0	0
0	0	0	0	0	0	0	0	0	0	0	0	0	0	0	0
0	0	0	0	0	0	0	0	0	0	0	0	0	0	0	0
0	0	0	0	0	0	0	0	0	0	0	0	0	0	0	0
0	0	0	0	0	0	0	0	0	0	0	0	0	0	0	0
0	0	0	0	0	0	0	0	0	0	0	0	0	0	0	0
0	0	0	0	0	0	0	0	0	0	0	0	0	0	0	0
0	0	0	0	0	0	0	0	0	0	0	0	0	0	0	0
0	0	0	0	0	0	0	0	0	0	0	0	0	0	0	0
0	0	0	0	0	0	0	0	0	0	0	0	0	0	0	0
0	0	0	0	0	0	0	0	0	0	0	0	0	0	0	0
0	0	0	0	0	0	0	0	0	0	0	0	0	0	0	0
0	0	0	0	0	0	0	0	0	0	0	0	0	0	0	0
0	0	0	0	0	0	0	0	0	0	0	0	0	0	0	0
0	0	0	0	0	0	0	0	0	0	0	0	0	0	0	0
0	0	0	0	0	0	0	0	0	0	0	0	0	0	0	0
0	0	0	0	0	0	0	0	0	0	0	0	0	0	0	0
0	0	0	0	0	0	0	0	0	0	0	0	0	0	0	0
0	0	0	0	0	0	0	0	0	0	0	0	0	0	0	0
0	0	0	0	0	0	0	0	0	0	0	0	0	0	0	0
0	0	0	0	0	0	0	0	0	0	0	0	0	0	0	0
0	0	0	0	0	0	0	0	0	0	0	0	0	0	0	0
0	0	0	0	0	0	0	0	0	0	0	0	0	0	0	0
0	0	0	0	0	0	0	0	0	0	0	0	0	0	0	0
0	0	0	0	0	0	0	0	0	0	0	0	0	0	0	0
0	0	0	0	0	0	0	0	0	0	0	0	0	0	0	0
0	0	0	0	0	0	0	0	0	0	0	0	0	0	0	0
0	0	0	0	0	0	0	0	0	0	0	0	0	0	0	0
0	0	0	0	0	0	0	0	0	0	0	0	0	0	0	0
0	0	0	0	0	0	0	0	0	0	0	0	0	0	0	0
0	0	0	0	0	0	0	0	0	0	0	0	0	0	0	0
0	0	0	0	0	0	0	0	0	0	0	0	0	0	0	0
0	0	0	0	0	0	0	0	0	0	0	0	0	0	0	0
0	0	0	0	0	0	0	0	0	0	0	0	0	0	0	0
0	0	0	0	0	0	0	0	0	0	0	0	0	0	0	0
0	0	0	0	0	0	0	0	0	0	0	0	0	0	0	0
0	0	0	0	0	0	0	0	0	0	0	0	0	0	0	0
0	0	0	0	0	0	0	0	0	0	0	0	0	0	0	0
0	0	0	0	0	0	0	0	0	0	0	0	0	0	0	0
0	0	0	0	0	0	0	0	0	0	0	0	0	0	0	0
0	0	0	0	0	0	0	0	0	0	0	0	0	0	0	0
0	0	0	0	0	0	0	0	0	0	0	0	0	0	0	0
0	0	0	0	0	0	0	0	0	0	0	0	0	0	0	0
0	0	0	0	0	0	0	0	0	0	0	0	0	0	0	0
0	0	0	0	0	0	0	0	0	0	0	0	0	0	0	0
0	0	0	0	0	0	0	0	0	0	0	0	0	0	0	0
0	0	0	0	0	0	0	0	0	0	0	0	0	0	0	0
0	0	0	0	0	0	0	0	0	0	0	0	0	0	0	0
0	0	0	0	0	0	0	0	0	0	0	0	0	0	0	0
0	0	0	0	0	0	0	0	0	0	0	0	0	0	0	0
0	0	0	0	0	0	0	0	0	0	0	0	0	0	0	0
0	0	0	0	0	0	0	0	0	0	0	0	0	0	0	0
0	0	0	0	0	0	0	0	0	0	0	0	0	0	0	0
0	0	0	0	0	0	0	0	0	0	0	0	0	0	0	0
0	0	0	0	0	0	0	0	0	0	0	0	0	0	0	0
0	0	0	0	0	0	0	0	0	0	0	0	0	0	0	0
0	0	0	0	0	0	0	0	0	0	0	0	0	0	0	0
0	0	0	0	0	0	0	0	0	0	0	0	0	0	0	0
0	0	0	0	0	0	0	0	0	0	0	0	0	0	0	0
0	0	0	0	0	0	0	0	0	0	0	0	0	0	0	0
0	0	0	0	0	0	0	0	0	0	0	0	0	0	0	0
0	0	0	0	0	0	0	0	0	0	0	0	0	0	0	0
0	0	0	0	0	0	0	0	0	0	0	0	0	0	0	0
0	0	0	0	0	0	0	0	0	0	0	0	0	0	0	0
0	0	0	0	0	0	0	0	0	0	0	0	0	0	0	0
0	0	0	0	0	0	0	0	0	0	0	0	0	0	0	0
0	0	0	0	0	0	0	0	0	0	0	0	0	0	0	0
0	0	0	0	0	0	0	0	0	0	0	0	0	0	0	0
0	0	0	0	0	0	0	0	0	0	0	0	0	0	0	0
0	0	0	0	0	0	0	0	0	0	0	0	0	0	0	0
0	0	0	0	0	0	0	0	0	0	0	0	0	0	0	0
0	0	0	0	0	0	0	0	0	0	0	0	0	0	0	0
0	0	0	0	0	0	0	0	0	0	0	0	0	0	0	0
0	0	0	0	0	0	0	0	0	0	0	0	0	0	0	0
0	0	0	0	0	0	0	0	0	0	0	0	0	0	0	0
0	0	0	0	0	0	0	0	0	0	0	0	0	0	0	0
0	0	0	0	0	0	0	0	0	0	0	0	0	0	0	0
0	0	0	0	0	0	0	0	0	0	0	0	0	0	0	0
0	0	0	0	0	0	0	0	0	0	0	0	0	0	0	0
0	0	0	0	0	0	0	0	0	0	0	0	0	0	0	0
0	0	0	0	0	0	0	0	0	0	0	0	0	0	0	0
0	0	0	0	0	0	0	0	0	0	0	0	0	0	0	0
0	0	0	0	0	0	0	0	0	0	0	0	0	0	0	0
0	0	0	0	0	0	0	0	0	0	0	0	0	0	0	0
0	0	0	0	0	0	0	0	0	0	0	0	0	0	0	0
0	0	0	0	0	0	0	0	0	0	0	0	0	0	0	0
0	0	0	0	0	0	0	0	0	0	0	0	0	0	0	0
0	0	0	0	0	0	0	0	0	0	0	0	0	0	0	0
0	0	0	0	0	0	0	0	0	0	0	0	0	0	0	0
0	0	0	0	0	0	0	0	0	0	0	0	0	0	0	0
0	0	0	0	0	0	0	0	0	0	0	0	0	0	0	0
0	0	0	0	0	0	0	0	0	0	0	0	0	0	0	0
0	0	0	0	0	0	0	0	0	0	0	0	0	0	0	0
0	0	0	0	0	0	0	0	0	0	0	0	0	0	0	0
0	0	0	0	0	0	0	0	0	0	0	0	0	0	0	0
0	0	0	0	0	0	0	0	0	0	0	0	0	0	0	0
0	0	0	0	0	0	0	0	0	0	0	0	0	0	0	0
0	0	0	0	0	0	0	0	0	0	0	0	0	0	0	0
0	0	0	0	0	0	0	0	0	0	0	0	0	0	0	0
0	0	0	0	0	0	0	0	0	0	0	0	0	0	0	0
0	0	0	0	0	0	0	0	0	0	0	0	0	0	0	0
0	0	0	0	0	0	0	0	0	0	0	0	0	0	0	0
0	0	0	0	0	0	0	0	0	0	0	0	0	0	0	0
0	0	0	0	0	0	0	0	0	0	0	0	0	0	0	0
0	0	0	0	0	0	0	0	0	0	0	0	0	0	0	0
0	0	0	0	0	0	0	0	0	0	0	0	0	0	0	0
0	0	0	0	0	0	0	0	0	0	0	0	0	0	0	0
0	0	0	0	0	0	0	0	0	0	0	0	0	0	0	0
0	0	0	0	0	0	0	0	0	0	0	0	0	0	0	0
0	0	0	0	0	0	0	0	0	0	0	0	0	0	0	0
0	0	0	0	0	0	0	0	0	0	0	0	0	0	0	0
0	0	0	0	0	0	0	0	0	0	0	0	0	0	0	0
0	0	0	0	0	0	0	0	0	0	0	0	0	0	0	0
0	0	0	0	0	0	0	0	0	0	0	0	0	0	0	0
0	0	0	0	0	0	0	0	0	0	0	0	0	0	0	0
0	0	0	0	0	0	0	0	0	0	0	0	0	0	0	0
0	0	0	0	0	0	0	0	0	0	0	0	0	0	0	0
0	0	0	0	0	0	0	0	0	0	0	0	0	0	0	0
0	0	0	0	0	0	0	0	0	0	0	0	0	0	0	0
0	0	0	0	0	0	0	0	0	0	0	0	0	0	0	0
0	0	0	0	0	0	0	0	0	0	0	0	0	0	0	0
0	0	0	0	0	0	0	0	0	0	0	0	0	0	0	0
0	0	0	0	0	0	0	0	0	0	0	0	0	0	0	0
0	0	0	0	0	0	0	0	0	0	0	0	0	0	0	0
0	0	0	0	0	0	0	0	0	0	0	0	0	0	0	0
0	0	0	0	0	0	0	0	0	0	0	0	0	0	0	0
0	0	0	0	0	0	0	0	0	0	0	0	0	0	0	0
0	0	0	0	0	0	0	0	0	0	0	0	0	0	0	0
0	0	0	0	0	0	0	0	0	0	0	0	0	0	0	0
0	0	0	0	0	0	0	0	0	0	0	0	0	0	0	0
0	0	0	0	0	0	0	0	0	0	0	0	0	0	0	0
0	0	0	0	0	0	0	0	0	0	0	0	0	0	0	0
0	0	0	0	0	0	0	0	0	0	0	0	0	0	0	0
0	0	0	0	0	0	0	0	0	0	0	0	0	0	0	0
0	0	0	0	0	0	0	0	0	0	0	0	0	0	0	0
0	0	0	0	0	0	0	0	0	0	0	0	0	0	0	0
0	0	0	0	0	0	0	0	0	0	0	0	0	0	0	0
0	0	0	0	0	0	0	0	0	0	0	0	0	0	0	0
0	0	0	0	0	0	0	0	0	0	0	0	0	0	0	0
0	0	0	0	0	0	0	0	0	0	0	0	0	0	0	0
0	0	0	0	0	0	0	0	0	0	0	0	0	0	0	0
0	0	0	0	0	0	0	0	0	0	0	0	0	0	0	0
0	0	0	0	0	0	0	0	0	0	0	0	0	0	0	0
0	0	0	0	0	0	0	0	0	0	0	0	0	0	0	0
0	0	0	0	0	0	0	0	0	0	0	0	0	0	0	0
0	0	0	0	0	0	0	0	0	0	0	0	0	0	0	0
0	0	0	0	0	0	0	0	0	0	0	0	0	0	0	0
0	0	0	0	0	0	0	0	0	0	0	0	0	0	0	0
0	0	0	0	0	0	0	0	0	0	0	0	0	0	0	0
0	0	0	0	0	0	0	0	0	0	0	0	0	0	0	0
0	0	0	0	0	0	0	0	0	0	0	0	0	0	0	0
0	0	0	0	0	0	0	0	0	0	0	0	0	0	0	0
0	0	0	0	0	0	0	0	0	0	0	0	0	0	0	0
0	0	0	0	0	0	0	0	0	0	0	0	0	0	0	0
0	0	0	0	0	0	0	0	0	0	0	0	0	0	0	0
0	0	0	0	0	0	0	0	0	0	0	0	0	0	0	0
0	0	0	0	0	0	0	0	0	0	0	0	0	0	0	0
0	0	0	0	0	0	0	0	0	0	0	0	0	0	0	0
0	0	0	0	0	0	0	0	0	0	0	0	0	0	0	0
0	0	0	0	0	0	0	0	0	0	0	0	0	0	0	0
0	0	0	0	0	0	0	0	0	0	0	0	0	0	0	0
0	0	0	0	0	0	0	0	0	0	0	0	0	0	0	0
0	0	0	0	0	0	0	0	0	0	0	0	0	0	0	0
0	0	0	0	0	0	0	0	0	0	0	0	0	0	0	0
0	0	0	0	0	0	0	0	0	0	0	0	0	0	0	0
0	0	0	0	0	0	0	0	0	0	0	0	0	0	0	0
0	0	0	0	0	0	0	0	0	0	0	0	0	0	0	0
0	0	0	0	0	0	0	0	0	0	0	0	0	0	0	0
0	0	0	0	0	0	0	0	0	0	0	0	0	0	0	0
0	0	0	0	0	0	0	0	0	0	0	0	0	0	0	0
0	0	0	0	0	0	0	0	0	0	0	0	0	0	0	0
0	0	0	0	0	0	0	0	0	0	0	0	0	0	0	0
0	0	0	0	0	0	0	0	0	0	0	0	0	0	0	0
0	0	0	0	0	0	0	0	0	0	0	0	0	0	0	0
0	0	0	0	0	0	0	0	0	0	0	0	0	0	0	0
0	0	0	0	0	0	0	0	0	0	0	0	0	0	0	0
0	0	0	0	0	0	0	0	0	0	0	0	0	0	0	0
0	0	0	0	0	0	0	0	0	0	0	0	0	0	0	0
0	0	0	0	0	0	0	0	0	0	0	0	0	0	0	0
0	0	0	0	0	0	0	0	0	0	0	0	0	0	0	0
0	0	0	0	0	0	0	0	0	0	0	0	0	0	0	0
0	0	0	0	0	0	0	0	0	0	0	0	0	0	0	0
0	0	0	0	0	0	0	0	0	0	0	0	0	0	0	0
0	0	0	0	0	0	0	0	0	0	0	0	0	0	0	0
0	0	0	0	0	0	0	0	0	0	0	0	0	0	0	0
0	0	0	0	0	0	0	0	0	0	0	0	0	0	0	0
0	0	0	0	0	0	0	0	0	0	0	0	0	0	0	0
0	0	0	0	0	0	0	0	0	0	0	0	0	0	0	0
0	0	0	0	0	0	0	0	0	0	0	0	0	0	0	0
0	0	0	0	0	0	0	0	0	0	0	0	0	0	0	0
0	0	0	0	0	0	0	0	0	0	0	0	0	0	0	0
0	0	0	0	0	0	0	0	0	0	0	0	0	0	0	0
0	0	0	0	0	0	0	0	0	0	0	0	0	0	0	0
0	0	0	0	0	0	0	0	0	0	0	0	0	0	0	0
0	0	0	0	0	0	0	0	0	0	0	0	0	0	0	0
0	0	0	0	0	0	0	0	0	0	0	0	0	0	0	0
0	0	0	0	0	0	0	0	0	0	0	0	0	0	0	0
0	0	0	0	0	0	0	0	0	0	0	0	0	0	0	0
0	0	0	0	0	0	0	0	0	0	0	0	0	0	0	0
0	0	0	0	0	0	0	0	0	0	0	0	0	0	0	0
0	0	0	0	0	0	0	0	0	0	0	0	0	0	0	0
0	0	0	0	0	0	0	0	0	0	0	0	0	0	0	0
0	0	0	0	0	0	0	0	0	0	0	0	0	0	0	0
0	0	0	0	0	0	0	0	0	0	0	0	0	0	0	0
0	0	0	0	0	0	0	0	0	0	0	0	0	0	0	0
0	0	0	0	0	0	0	0	0	0	0	0	0	0	0	0
0	0	0	0	0	0	0	0	0	0	0	0	0	0	0	0
0	0	0	0	0	0	0	0	0	0	0	0	0	0	0	0
0	0	0	0	0	0	0	0	0	0	0	0	0	0	0	0
0	0	0	0	0	0	0	0	0	0	0	0	0	0	0	0
0	0	0	0	0	0	0	0	0	0	0	0	0	0	0	0
0	0	0	0	0	0	0	0	0	0	0	0	0	0	0	0
0	0	0	0	0	0	0	0	0	0	0	0	0	0	0	0
0	0	0	0	0	0	0	0	0	0	0	0	0	0	0	0
0	0	0	0	0	0	0	0	0	0	0	0	0	0	0	0
0	0	0	0	0	0	0	0	0	0	0	0	0	0	0	0
0	0	0	0	0	0	0	0	0	0	0	0	0	0	0	0
0	0	0	0	0	0	0	0	0	0	0	0	0	0	0	0
0	0	0	0	0	0	0	0	0	0	0	0	0	0	0	0
0	0	0	0	0	0	0	0	0	0	0	0	0	0	0	0
0	0	0	0	0	0	0	0	0	0	0	0	0	0	0	0
0	0	0	0	0	0	0	0	0	0	0	0	0	0	0	0
0	0	0	0	0	0	0	0	0	0	0	0	0	0	0	0
0	0	0	0	0	0	0	0	0	0	0	0	0	0	0	0
0	0	0	0	0	0	0	0	0	0	0	0	0	0	0	0
0	0	0	0	0	0	0	0	0	0	0	0	0	0	0	0
0	0	0	0	0	0	0	0	0	0	0	0	0	0	0	0
0	0	0	0	0	0	0	0	0	0	0	0	0	0	0	0
0	0	0	0	0	0	0	0	0	0	0	0	0	0	0	0
0	0	0	0	0	0	0	0	0	0	0	0	0	0	0	0
0	0	0	0	0	0	0	0	0	0	0	0	0	0	0	0
0	0	0	0	0	0	0	0	0	0	0	0	0	0	0	0
0	0	0	0	0	0	0	0	0	0	0	0	0	0	0	0
0	0	0	0	0	0	0	0	0	0	0	0	0	0	0	0
0	0	0	0	0	0	0	0	0	0	0	0	0	0	0	0
0	0	0	0	0	0	0	0	0	0	0	0	0	0	0	0
0	0	0	0	0	0	0	0	0	0	0	0	0	0	0	0
0	0	0	0	0	0	0	0	0	0	0	0	0	0	0	0
0	0	0	0	0	0	0	0	0	0	0	0	0	0	0	0
0	0	0	0	0	0	0	0	0	0	0	0	0	0	0	0
0	0	0	0	0	0	0	0	0	0	0	0	0	0	0	0
0	0	0	0	0	0	0	0	0	0	0	0	0	0	0	0
0	0	0	0	0	0	0	0	0	0	0	0	0	0	0	0
0	0	0	0	0	0	0	0	0	0	0	0	0	0	0	0
0	0	0	0	0	0	0	0	0	0	0	0	0	0	0	0
0	0	0	0	0	0	0	0	0	0	0	0	0	0	0	0
0	0	0	0	0	0	0	0	0	0	0	0	0	0	0	0
0	0	0	0	0	0	0	0	0	0	0	0	0	0	0	0
0	0	0	0	0	0	0	0	0	0	0	0	0	0	0	0
0	0	0	0	0	0	0	0	0	0	0	0	0	0	0	0
0	0	0	0	0	0	0	0	0	0	0	0	0	0	0	0
0	0	0	0	0	0	0	0	0	0	0	0	0	0	0	0
0	0	0	0	0	0	0	0	0	0	0	0	0	0	0	0
0	0	0	0	0	0	0	0	0	0	0	0	0	0	0	0
0	0	0	0	0	0	0	0	0	0	0	0	0	0	0	0
0	0	0	0	0	0	0	0	0	0	0	0	0	0	0	0
0	0	0	0	0	0	0	0	0	0	0	0	0	0	0	0
0	0	0	0	0	0	0	0	0	0	0	0	0	0	0	0
0	0	0	0	0	0	0	0	0	0	0	0	0	0	0	0
0	0	0	0	0	0	0	0	0	0	0	0	0	0	0	0
0	0	0	0	0	0	0	0	0	0	0	0	0	0	0	0
0	0	0	0	0	0	0	0	0	0	0	0	0	0	0	0
0	0	0	0	0	0	0	0	0	0	0	0	0	0	0	0
0	0	0	0	0	0	0	0	0	0	0	0	0	0	0	0
0	0	0	0	0	0	0	0	0	0	0	0	0	0	0	0
0	0	0	0	0	0	0	0	0	0	0	0	0	0	0	0
0	0	0	0	0	0	0	0	0	0	0	0	0	0	0	0
0	0	0	0	0	0	0	0	0	0	0	0	0	0	0	0
0	0	0	0	0	0	0	0	0	0	0	0	0	0	0	0
0	0	0	0	0	0	0	0	0	0	0	0	0	0	0	0
0	0	0	0	0	0	0	0	0	0	0	0	0	0	0	0
0	0	0	0	0	0	0	0	0	0	0	0	0	0	0	0
0	0	0	0	0	0	0	0	0	0	0	0	0	0	0	0
0	0	0	0	0	0	0	0	0	0	0	0	0	0	0	0
0	0	0	0	0	0	0	0	0	0	0	0	0	0	0	0
0	0	0	0	0	0	0	0	0	0	0	0	0	0	0	0
0	0	0	0	0	0	0	0	0	0	0	0	0	0	0	0
0	0	0	0	0	0	0	0	0	0	0	0	0	0	0	0
0	0	0	0	0	0	0	0	0	0	0	0	0	0	0	0
0	0	0	0	0	0	0	0	0	0	0	0	0	0	0	0
0	0	0	0	0	0	0	0	0	0	0	0	0	0	0	0
0	0	0	0	0	0	0	0	0	0	0	0	0	0	0	0
0	0	0	0	0	0	0	0	0	0	0	0	0	0	0	0
0	0	0	0	0	0	0	0	0	0	0	0	0	0	0	0
0	0	0	0	0	0	0	0	0	0	0	0	0	0	0	0
0	0	0	0	0	0	0	0	0	0	0	0	0	0	0	0
0	0	0	0	0	0	0	0	0	0	0	0	0	0	0	0
0	0	0	0	0	0	0	0	0	0	0	0	0	0	0	0
0	0	0	0	0	0	0	0	0	0	0	0	0	0	0	0
0	0	0	0	0	0	0	0	0	0	0	0	0	0	0	0
0	0	0	0	0	0	0	0	0	0	0	0	0	0	0	0
0	0	0	0	0	0	0	0	0	0	0	0	0	0	0	0
0	0	0	0	0	0	0	0	0	0	0	0	0	0	0	0
0	0	0	0	0	0	0	0	0	0	0	0	0	0	0	0
0	0	0	0	0	0	0	0	0	0	0	0	0	0	0	0
0	0	0	0	0	0	0	0	0	0	0	0	0	0	0	0
0	0	0	0	0	0	0	0	0	0	0	0	0	0	0	0
0	0	0	0	0	0	0	0	0	0	0	0	0	0	0	0
0	0	0	0	0	0	0	0	0	0	0	0	0	0	0	0
0	0	0	0	0	0	0	0	0	0	0	0	0	0	0	0
0	0	0	0	0	0	0	0	0	0	0	0	0	0	0	0
0	0	0	0	0	0	0	0	0	0	0	0	0	0	0	0
0	0	0	0	0	0	0	0	0	0	0	0	0	0	0	0
0	0	0	0	0	0	0	0	0	0	0	0	0	0	0	0
0	0	0	0	0	0	0	0	0	0	0	0	0	0	0	0
0	0	0	0	0	0	0	0	0	0	0	0	0	0	0	0
0	0	0	0	0	0	0	0	0	0	0	0	0	0	0	0
0	0	0	0	0	0	0	0	0	0	0	0	0	0	0	0
0	0	0	0	0	0	0	0	0	0	0	0	0	0	0	0
0	0	0	0	0	0	0	0	0	0	0	0	0	0	0	0
0	0	0	0	0	0	0	0	0	0	0	0	0	0	0	0
0	0	0	0	0	0	0	0	0	0	0	0	0	0	0	0
0	0	0	0	0	0	0	0	0	0	0	0	0	0	0	0
0	0	0	0	0	0	0	0	0	0	0	0	0	0	0	0
0	0	0	0	0	0	0	0	0	0	0	0	0	0	0	0
0	0	0	0	0	0	0	0	0	0	0	0	0	0	0	0
0	0	0	0	0	0	0	0	0	0	0	0	0	0	0	0
0	0	0	0	0	0	0	0	0	0	0	0	0	0	0	0
0	0	0	0	0	0	0	0	0	0	0	0	0	0	0	0
0	0	0	0	0	0	0	0	0	0	0	0	0	0	0	0
0	0	0	0	0	0	0	0	0	0	0	0	0	0	0	0
0	0	0	0	0	0	0	0	0	0	0	0	0	0	0	0
0	0	0	0	0	0	0	0	0	0	0	0	0	0	0	0
0	0	0	0	0	0	0	0	0	0	0	0	0	0	0	0
0	0	0	0	0	0	0	0	0	0	0	0	0	0	0	0
0	0	0	0	0	0	0	0	0	0	0	0	0	0	0	0
0	0	0	0	0	0	0	0	0	0	0	0	0	0	0	0
0	0	0	0	0	0	0	0	0	0	0	0	0	0	0	0
0	0	0	0	0	0	0	0	0	0	0	0	0	0	0	0
0	0	0	0	0	0	0	0	0	0	0	0	0	0	0	0
0	0	0	0	0	0	0	0	0	0	0	0	0	0	0	0
0	0	0	0	0	0	0	0	0	0	0	0	0	0	0	0
0	0	0	0	0	0	0	0	0	0	0	0	0	0	0	0
0	0	0	0	0	0	0	0	0	0	0	0	0	0	0	0
0	0	0	0	0	0	0	0	0	0	0	0	0	0	0	0
0	0	0	0	0	0	0	0	0	0	0	0	0	0	0	0
0	0	0	0	0	0	0	0	0	0	0	0	0	0	0	0
0	0	0	0	0	0	0	0	0	0	0	0	0	0	0	0
0	0	0	0	0	0	0	0	0	0	0	0	0	0	0	0
0	0	0	0	0	0	0	0	0	0	0	0	0	0	0	0
0	0	0	0	0	0	0	0	0	0	0	0	0	0	0	0
0	0	0	0	0	0	0	0	0	0	0	0	0	0	0	0
0	0	0	0	0	0	0	0	0	0	0	0	0	0	0	0
0	0	0	0	0	0	0	0	0	0	0	0	0	0	0	0
0	0	0	0	0	0	0	0	0	0	0	0	0	0	0	0
0	0	0	0	0	0	0	0	0	0	0	0	0	0	0	0
0	0	0	0	0	0	0	0	0	0	0	0	0	0	0	0
0	0	0	0	0	0	0	0	0	0	0	0	0	0	0	0
0	0	0	0	0	0	0	0	0	0	0	0	0	0	0	0
0	0	0	0	0	0	0	0	0	0	0	0	0	0	0	0
0	0	0	0	0	0	0	0	0	0	0	0	0	0	0	0
0	0	0	0	0	0	0	0	0	0	0	0	0	0	0	0
0	0	0	0	0	0	0	0	0	0	0	0	0	0	0	0
0	0	0	0	0	0	0	0	0	0	0	0	0	0	0	0
0	0	0	0	0	0	0	0	0	0	0	0	0	0	0	0
0	0	0	0	0	0	0	0	0	0	0	0	0	0	0	0
0	0	0	0	0	0	0	0	0	0	0	0	0	0	0	0
0	0	0	0	0	0	0	0	0	0	0	0	0	0	0	0
0	0	0	0	0	0	0	0	0	0	0	0	0	0	0	0
0	0	0	0	0	0	0	0	0	0	0	0	0	0	0	0
0	0	0	0	0	0	0	0	0	0	0	0	0	0	0	0
0	0	0	0	0	0	0	0	0	0	0	0	0	0	0	0
0	0	0	0	0	0	0	0	0	0	0	0	0	0	0	0
0	0	0	0	0	0	0	0	0	0	0	0	0	0	0	0
0	0	0	0	0	0	0	0	0	0	0	0	0	0	0	0
0	0	0	0	0	0	0	0	0	0	0	0	0	0	0	0
0	0	0	0	0	0	0	0	0	0	0	0	0	0	0	0
0	0	0	0	0	0	0	0	0	0	0	0	0	0	0	0
0	0	0	0	0	0	0	0	0	0	0	0	0	0	0	0
0	0	0	0	0	0	0	0	0	0	0	0	0	0	0	0
0	0	0	0	0	0	0	0	0	0	0	0	0	0	0	0
0	0	0	0	0	0	0	0	0	0	0	0	0	0	0	0
0	0	0	0	0	0	0	0	0	0	0	0	0	0	0	0
0	0	0	0	0	0	0	0	0	0	0	0	0	0	0	0
0	0	0	0	0	0	0	0	0	0	0	0	0	0	0	0
0	0	0	0	0	0	0	0	0	0	0	0	0	0	0	0
0	0	0	0	0	0	0	0	0	0	0	0	0	0	0	0
0	0	0	0	0	0	0	0	0	0	0	0	0	0	0	0
0	0	0	0	0	0	0	0	0	0	0	0	0	0	0	0
0	0	0	0	0	0	0	0	0	0	0	0	0	0	0	0
0	0	0	0	0	0	0	0	0	0	0	0	0	0	0	0
0	0	0	0	0	0	0	0	0	0	0	0	0	0	0	0
0	0	0	0	0	0	0	0	0	0	0	0	0	0	0	0
0	0	0	0	0	0	0	0	0	0	0	0	0	0	0	0
0	0	0	0	0	0	0	0	0	0	0	0	0	0	0	0
0	0	0	0	0	0	0	0	0	0	0	0	0	0	0	0
0	0	0	0	0	0	0	0	0	0	0	0	0	0	0	0
0	0	0	0	0	0	0	0	0	0	0	0	0	0	0	0
0	0	0	0	0	0	0	0	0	0	0	0	0	0	0	0
0	0	0	0	0	0	0	0	0	0	0	0	0	0	0	0
0	0	0	0	0	0	0	0	0	0	0	0	0	0	0	0
0	0	0	0	0	0	0	0	0	0	0	0	0	0	0	0
0	0	0	0	0	0	0	0	0	0	0	0	0	0	0	0
0	0	0	0	0	0	0	0	0	0	0	0	0	0	0	0
0	0	0	0	0	0	0	0	0	0	0	0	0	0	0	0
0	0	0	0	0	0	0	0	0	0	0	0	0	0	0	0
0	0	0	0	0	0	0	0	0	0	0	0	0	0	0	0
0	0	0	0	0	0	0	0	0	0	0	0	0	0	0	0
0	0	0	0	0	0	0	0	0	0	0	0	0	0	0	0
0	0	0	0	0	0	0	0	0	0	0	0	0	0	0	0
0	0	0	0	0	0	0	0	0	0	0	0	0	0	0	0
0	0	0	0	0	0	0	0	0	0	0	0	0	0	0	0
0	0	0	0	0	0	0	0	0	0	0	0	0	0	0	0
0	0	0	0	0	0	0	0	0	0	0	0	0	0	0	0
0	0	0	0	0	0	0	0	0	0	0	0	0	0	0	0
0	0	0	0	0	0	0	0	0	0	0	0	0	0	0	0
0	0	0	0	0	0	0	0	0	0	0	0	0	0	0	0
0	0	0	0	0	0	0	0	0	0	0	0	0	0	0	0
0	0	0	0	0	0	0	0	0	0	0	0	0	0	0	0
0	0	0	0	0	0	0	0	0	0	0	0	0	0	0	0
0	0	0	0	0	0	0	0	0	0	0	0	0	0	0	0
0	0	0	0	0	0	0	0	0	0	0	0	0	0	0	0
0	0	0	0	0	0	0	0	0	0	0	0	0	0	0	0
0	0	0	0	0	0	0	0	0	0	0	0	0	0	0	0
0	0	0	0	0	0	0	0	0	0	0	0	0	0	0	0
0	0	0	0	0	0	0	0	0	0	0	0	0	0	0	0
0	0	0	0	0	0	0	0	0	0	0	0	0	0	0	0
0	0	0	0	0	0	0	0	0	0	0	0	0	0	112	8
113	8	102	8	99	8	101	8	101	8	100	8	101	8	101	8
100	8	101	8	103	8	114	8	117	8	127	8	102	8	102	8
105	8	104	8	123	8	157	8	169	8	158	8	118	8	122	8
129	8	107	8	105	8	105	8	105	8	106	8	104	8	104	8
103	8	103	8	103	8	105	8	105	8	103	8	105	8	103	8
106	8	104	8	103	8	103	8	101	8	101	8	101	8	100	8
101	8	97	8	95	8	94	8	97	8	92	8	91	8	93	8
95	8	90	8	91	8	94	8	89	8	89	8	92	8	87	8
90	8	89	8	89	8	88	8	83	8	81	8	82	8	81	8
84	8	86	8	85	8	85	8	88	8	87	8	82	8	86	8
82	8	87	8	85	8	86	8	86	8	88	8	84	8	81	8
87	8	88	8	87	8	85	8	87	8	82	8	82	8	84	8
82	8	84	8	83	8	88	8	85	8	83	8	83	8	79	8
81	8	80	8	81	8	85	8	85	8	85	8	85	8	86	8
87	8	91	8	85	8	93	8	91	8	95	8	95	8	97	8
100	8	97	8	101	8	98	8	98	8	98	8	100	8	98	8
101	8	100	8	101	8	101	8	98	8	100	8	99	8	99	8
99	8	101	8	103	8	97	8	99	8	99	8	98	8	97	8
97	8	96	8	97	8	101	8	95	8	101	8	98	8	99	8
99	8	93	8	92	8	95	8	96	8	95	8	93	8	91	8
93	8	91	8	90	8	88	8	92	8	93	8	91	8	92	8
95	8	90	8	85	8	84	8	82	8	82	8	81	8	79	8
80	8	80	8	80	8	79	8	80	8	79	8	80	8	81	8
82	8	78	8	81	8	77	8	82	8	78	8	80	8	80	8
80	8	79	8	81	8	84	8	82	8	83	8	83	8	79	8
82	8	83	8	83	8	81	8	85	8	86	8	86	8	83	8
85	8	86	8	88	8	90	8	88	8	87	8	87	8	91	8
89	8	92	8	92	8	94	8	95	8	93	8	93	8	96	8
96	8	96	8	97	8	99	8	99	8	101	8	97	8	95	8
101	8	97	8	99	8	97	8	99	8	99	8	97	8	96	8
96	8	97	8	97	8	99	8	97	8	101	8	98	8	96	8
98	8	101	8	98	8	101	8	101	8	101	8	104	8	104	8
103	8	101	8	101	8	103	8	101	8	103	8	101	8	100	8
98	8	101	8	100	8	101	8	100	8	97	8	98	8	97	8
92	8	92	8	95	8	93	8	91	8	90	8	87	8	90	8
87	8	87	8	85	8	87	8	87	8	86	8	88	8	89	8
87	8	85	8	85	8	87	8	85	8	88	8	89	8	85	8
85	8	88	8	90	8	87	8	87	8	85	8	88	8	83	8
90	8	91	8	90	8	89	8	87	8	87	8	88	8	90	8
88	8	87	8	89	8	86	8	90	8	87	8	89	8	87	8
89	8	89	8	90	8	87	8	91	8	91	8	91	8	90	8
90	8	89	8	90	8	89	8	92	8	93	8	91	8	93	8
93	8	93	8	93	8	95	8	95	8	96	8	93	8	95	8
95	8	97	8	98	8	97	8	96	8	99	8	98	8	99	8
97	8	99	8	101	8	98	8	100	8	99	8	101	8	100	8
102	8	109	8	100	8	101	8	101	8	100	8	101	8	101	8
102	8	98	8	100	8	101	8	99	8	98	8	93	8	93	8
92	8	92	8	91	8	89	8	89	8	87	8	87	8	86	8
86	8	86	8	85	8	84	8	85	8	85	8	86	8	83	8
86	8	86	8	80	8	83	8	83	8	83	8	83	8	81	8
82	8	86	8	83	8	82	8	84	8	81	8	83	8	85	8
81	8	81	8	86	8	84	8	81	8	84	8	83	8	85	8
84	8	86	8	85	8	88	8	86	8	87	8	85	8	87	8
85	8	85	8	84	8	91	8	87	8	88	8	89	8	90	8
87	8	88	8	85	8	89	8	87	8	86	8	89	8	87	8
86	8	87	8	90	8	91	8	93	8	95	8	95	8	96	8
91	8	93	8	96	8	96	8	96	8	99	8	97	8	97	8
99	8	95	8	97	8	96	8	97	8	97	8	98	8	99	8
96	8	96	8	99	8	95	8	99	8	97	8	96	8	94	8
96	8	98	8	97	8	95	8	94	8	98	8	96	8	95	8
99	8	95	8	95	8	97	8	95	8	95	8	95	8	96	8
97	8	93	8	93	8	93	8	93	8	91	8	91	8	90	8
90	8	92	8	91	8	89	8	93	8	91	8	96	8	93	8
93	8	96	8	92	8	95	8	92	8	89	8	92	8	95	8
92	8	92	8	91	8	89	8	86	8	91	8	89	8	91	8
91	8	87	8	90	8	93	8	93	8	89	8	93	8	93	8
95	8	93	8	95	8	91	8	92	8	95	8	96	8	91	8
96	8	92	8	96	8	94	8	94	8	93	8	93	8	93	8
95	8	94	8	93	8	92	8	92	8	90	8	93	8	93	8
92	8	92	8	93	8	92	8	96	8	97	8	94	8	98	8
97	8	97	8	94	8	93	8	97	8	96	8	97	8	97	8
95	8	95	8	97	8	99	8	97	8	99	8	98	8	96	8
102	8	99	8	101	8	98	8	101	8	103	8	100	8	100	8
100	8	100	8	100	8	100	8	100	8	98	8	97	8	96	8
95	8	97	8	95	8	92	8	94	8	93	8	92	8	92	8
93	8	91	8	90	8	93	8	87	8	89	8	89	8	92	8
90	8	91	8	91	8	91	8	90	8	88	8	87	8	89	8
88	8	87	8	89	8	83	8	85	8	88	8	88	8	86	8
88	8	90	8	88	8	88	8	86	8	86	8	90	8	88	8
83	8	87	8	87	8	84	8	84	8	88	8	85	8	86	8
85	8	88	8	90	8	88	8	88	8	88	8	87	8	89	8
91	8	92	8	90	8	90	8	89	8	91	8	94	8	91	8
89	8	89	8	92	8	92	8	94	8	90	8	91	8	91	8
91	8	93	8	94	8	93	8	94	8	93	8	94	8	91	8
93	8	95	8	95	8	93	8	95	8	96	8	100	8	95	8
96	8	95	8	97	8	94	8	97	8	98	8	95	8	97	8
97	8	95	8	96	8	93	8	93	8	91	8	93	8	91	8
91	8	92	8	91	8	89	8	92	8	89	8	89	8	87	8
91	8	89	8	87	8	87	8	89	8	91	8	87	8	91	8
88	8	90	8	89	8	89	8	89	8	89	8	91	8	91	8
91	8	87	8	87	8	87	8	87	8	88	8	89	8	91	8
91	8	89	8	88	8	87	8	88	8	87	8	88	8	87	8
91	8	89	8	88	8	87	8	91	8	86	8	88	8	87	8
87	8	89	8	87	8	87	8	87	8	87	8	89	8	92	8
89	8	89	8	90	8	87	8	91	8	87	8	89	8	91	8
89	8	89	8	91	8	92	8	89	8	92	8	91	8	93	8
91	8	90	8	88	8	91	8	92	8	95	8	93	8	95	8
93	8	91	8	93	8	93	8	93	8	94	8	93	8	91	8
98	8	91	8	89	8	88	8	89	8	89	8	87	8	88	8
84	8	88	8	84	8	84	8	83	8	83	8	83	8	81	8
86	8	83	8	80	8	84	8	85	8	87	8	81	8	85	8
83	8	84	8	82	8	81	8	82	8	83	8	84	8	84	8
82	8	82	8	79	8	80	8	80	8	83	8	82	8	83	8
82	8	84	8	80	8	79	8	79	8	83	8	81	8	80	8
82	8	81	8	81	8	80	8	82	8	82	8	81	8	82	8
82	8	81	8	77	8	78	8	81	8	78	8	80	8	82	8
82	8	80	8	79	8	78	8	76	8	80	8	78	8	79	8
78	8	74	8	74	8	72	8	74	8	70	8	68	8	63	8
57	8	48	8	34	8	33	8	37	8	34	8	38	8	48	8
74	8	61	8	53	8	52	8	66	8	95	8	109	8	95	8
101	8	103	8	137	8	103	8	99	8	114	8	99	8	138	8
103	8	87	8	105	8	99	8	154	8	138	8	148	8	123	8
105	8	78	8	98	8	88	8	103	8	92	8	96	8	103	8
108	8	104	8	103	8	96	8	116	8	125	8	123	8	141	8
123	8	124	8	145	8	148	8	139	8	146	8	127	8	105	8
89	8	80	8	83	8	86	8	78	8	70	8	76	8	89	8
112	8	104	8	93	8	92	8	86	8	110	8	103	8	88	8
99	8	97	8	135	8	116	8	114	8	104	8	112	8	121	8
99	8	110	8	138	8	127	8	100	8	97	8	98	8	92	8
93	8	96	8	96	8	92	8	75	8	66	8	60	8	50	8
35	8	30	8	32	8	31	8	31	8	30	8	28	8	30	8
27	8	24	8	24	8	22	8	22	8	23	8	23	8	22	8
25	8	24	8	24	8	24	8	24	8	18	8	21	8	18	8
25	8	23	8	21	8	23	8	22	8	23	8	24	8	20	8
21	8	22	8	22	8	22	8	20	8	19	8	19	8	21	8
27	8	27	8	27	8	26	8	22	8	24	8	22	8	23	8
24	8	22	8	20	8	21	8	20	8	21	8	13	8	21	8
20	8	18	8	19	8	20	8	18	8	19	8	19	8	19	8
19	8	19	8	18	8	19	8	18	8	17	8	18	8	18	8
19	8	17	8	18	8	17	8	17	8	18	8	18	8	16	8
19	8	18	8	18	8	18	8	19	8	20	8	19	8	18	8
19	8	19	8	18	8	19	8	19	8	19	8	18	8	19	8
20	8	17	8	19	8	19	8	18	8	18	8	17	8	16	8
19	8	18	8	18	8	18	8	18	8	18	8	18	8	16	8
17	8	17	8	19	8	18	8	16	8	15	8	17	8	19	8
11	8	20	8	18	8	18	8	18	8	20	8	23	8	24	8
22	8	23	8	21	8	22	8	22	8	15	8	26	8	21	8
26	8	35	8	21	8	21	8	29	8	30	8	29	8	20	8
34	8	24	8	13	8	20	8	25	8	25	8	22	8	17	8
23	8	24	8	19	8	24	8	19	8	13	8	16	8	20	8
20	8	14	8	25	8	22	8	21	8	23	8	24	8	23	8
23	8	23	8	25	8	22	8	24	8	24	8	25	8	23	8
24	8	21	8	22	8	24	8	23	8	22	8	23	8	20	8
25	8	28	8	22	8	28	8	28	8	29	8	25	8	28	8
30	8	29	8	29	8	30	8	29	8	30	8	24	8	23	8
36	8	40	8	40	8	33	8	30	8	38	8	37	8	40	8
38	8	36	8	48	8	48	8	35	8	32	8	43	8	62	8
87	8	110	8	137	8	125	8	99	8	129	8	106	8	124	8
108	8	97	8	118	8	112	8	113	8	123	8	107	8	105	8
103	8	103	8	89	8	113	8	134	8	121	8	116	8	97	8
126	8	131	8	130	8	118	8	118	8	104	8	103	8	115	8
89	8	69	8	74	8	73	8	95	8	104	8	97	8	95	8
92	8	90	8	94	8	91	8	95	8	92	8	86	8	71	8
61	8	82	8	76	8	54	8	44	8	60	8	53	8	53	8
47	8	49	8	54	8	56	8	57	8	57	8	55	8	55	8
53	8	49	8	47	8	52	8	58	8	74	8	72	8	78	8
82	8	88	8	88	8	84	8	92	8	88	8	90	8	86	8
91	8	80	8	69	8	78	8	84	8	85	8	98	8	99	8
89	8	96	8	88	8	90	8	90	8	93	8	96	8	107	8
92	8	70	8	98	8	91	8	92	8	92	8	101	8	105	8
105	8	101	8	105	8	100	8	103	8	106	8	110	8	108	8
111	8	110	8	109	8	134	8	126	8	118	8	134	8	127	8
112	8	121	8	114	8	138	8	137	8	139	8	142	8	143	8
147	8	148	8	150	8	152	8	160	8	160	8	167	8	167	8
171	8	167	8	165	8	162	8	160	8	152	8	155	8	157	8
160	8	157	8	159	8	184	8	166	8	157	8	163	8	163	8
155	8	158	8	160	8	163	8	160	8	148	8	131	8	134	8
120	8	116	8	103	8	97	8	113	8	114	8	109	8	105	8
95	8	94	8	89	8	87	8	91	8	98	8	164	8	163	8
150	8	156	8	157	8	155	8	153	8	165	8	164	8	162	8
167	8	162	8	149	8	124	8	122	8	125	8	130	8	122	8
111	8	116	8	114	8	146	8	141	8	139	8	89	8	84	8
159	8	159	8	157	8	154	8	91	8	95	8	96	8	95	8
100	8	102	8	100	8	145	8	174	8	166	8	148	8	145	8
147	8	148	8	141	8	131	8	127	8	135	8	138	8	141	8
143	8	144	8	148	8	157	8	146	8	151	8	152	8	146	8
150	8	149	8	151	8	152	8	158	8	163	8	155	8	156	8
163	8	174	8	210	8	186	8	180	8	166	8	174	8	169	8
169	8	167	8	166	8	164	8	164	8	164	8	162	8	157	8
153	8	160	8	152	8	168	8	161	8	161	8	153	8	155	8
153	8	148	8	153	8	169	8	200	8	138	8	137	8	139	8
137	8	137	8	137	8	136	8	137	8	137	8	136	8	136	8
137	8	136	8	137	8	136	8	138	8	136	8	135	8	138	8
138	8	136	8	137	8	137	8	137	8	137	8	135	8	137	8
135	8	137	8	138	8	136	8	135	8	137	8	138	8	138	8
137	8	137	8	136	8	135	8	136	8	136	8	137	8	136	8
137	8	135	8	137	8	138	8	137	8	137	8	136	8	136	8
137	8	136	8	137	8	136	8	136	8	137	8	135	8	138	8
136	8	136	8	136	8	136	8	136	8	136	8	136	8	136	8
136	8	136	8	136	8	135	8	136	8	136	8	136	8	137	8
136	8	135	8	136	8	136	8	136	8	136	8	137	8	136	8
135	8	134	8	136	8	136	8	135	8	138	8	136	8	136	8
136	8	135	8	136	8	134	8	136	8	135	8	136	8	135	8
136	8	137	8	136	8	136	8	136	8	136	8	133	8	136	8
133	8	137	8	136	8	136	8	136	8	136	8	135	8	136	8
136	8	135	8	136	8	136	8	134	8	133	8	136	8	136	8
137	8	135	8	136	8	133	8	136	8	138	8	136	8	136	8
134	8	136	8	136	8	135	8	137	8	136	8	136	8	137	8
136	8	136	8	135	8	134	8	136	8	135	8	135	8	136	8
136	8	136	8	136	8	136	8	135	8	135	8	136	8	136	8
135	8	136	8	133	8	136	8	134	8	136	8	134	8	136	8
136	8	134	8	136	8	135	8	135	8	134	8	136	8	135	8
136	8	136	8	136	8	136	8	137	8	136	8	136	8	136	8
135	8	136	8	138	8	136	8	137	8	136	8	136	8	135	8
136	8	136	8	136	8	137	8	135	8	135	8	134	8	136	8
136	8	136	8	135	8	136	8	135	8	136	8	133	8	136	8
136	8	137	8	137	8	136	8	136	8	133	8	136	8	136	8
135	8	136	8	136	8	136	8	136	8	136	8	136	8	136	8
136	8	135	8	136	8	136	8	136	8	136	8	136	8	136	8
136	8	136	8	135	8	136	8	136	8	134	8	136	8	135	8
136	8	136	8	136	8	136	8	135	8	137	8	135	8	137	8
136	8	137	8	136	8	137	8	138	8	136	8	136	8	136	8
137	8	134	8	136	8	136	8	134	8	136	8	134	8	135	8
135	8	134	8	136	8	136	8	137	8	136	8	137	8	136	8
136	8	136	8	135	8	136	8	135	8	135	8	136	8	134	8
137	8	135	8	136	8	134	8	134	8	136	8	135	8	137	8
136	8	136	8	137	8	136	8	136	8	133	8	135	8	135	8
136	8	136	8	134	8	136	8	135	8	135	8	134	8	136	8
135	8	136	8	137	8	135	8	136	8	136	8	134	8	137	8
133	8	135	8	137	8	135	8	137	8	137	8	136	8	137	8
136	8	137	8	135	8	135	8	133	8	136	8	136	8	136	8
136	8	135	8	136	8	136	8	134	8	135	8	135	8	137	8
137	8	136	8	135	8	135	8	136	8	135	8	135	8	136	8
134	8	135	8	135	8	135	8	135	8	136	8	136	8	137	8
136	8	136	8	136	8	136	8	135	8	136	8	136	8	136	8
136	8	136	8	136	8	137	8	137	8	137	8	134	8	137	8
137	8	136	8	134	8	136	8	136	8	136	8	135	8	136	8
135	8	136	8	136	8	134	8	136	8	136	8	137	8	136	8
133	8	135	8	136	8	137	8	136	8	136	8	136	8	137	8
137	8	136	8	136	8	137	8	137	8	136	8	137	8	135	8
135	8	135	8	136	8	136	8	136	8	136	8	136	8	137	8
136	8	136	8	137	8	136	8	135	8	137	8	136	8	136	8
137	8	138	8	137	8	135	8	137	8	137	8	136	8	137	8
136	8	135	8	136	8	136	8	136	8	136	8	137	8	136	8
138	8	136	8	138	8	137	8	136	8	136	8	135	8	138	8
135	8	136	8	136	8	138	8	136	8	136	8	136	8	136	8
136	8	136	8	135	8	136	8	136	8	136	8	136	8	136	8
136	8	137	8	137	8	137	8	135	8	135	8	135	8	135	8
137	8	135	8	135	8	135	8	135	8	135	8	135	8	136	8
137	8	136	8	136	8	136	8	136	8	134	8	136	8	135	8
137	8	137	8	136	8	136	8	138	8	137	8	136	8	136	8
136	8	135	8	136	8	137	8	138	8	136	8	136	8	135	8
136	8	137	8	135	8	137	8	135	8	135	8	137	8	137	8
137	8	136	8	135	8	136	8	135	8	137	8	136	8	136	8
136	8	136	8	136	8	137	8	136	8	136	8	135	8	137	8
134	8	135	8	134	8	136	8	136	8	136	8	137	8	137	8
136	8	136	8	136	8	136	8	137	8	137	8	137	8	137	8
138	8	136	8	138	8	137	8	136	8	136	8	137	8	138	8
136	8	136	8	137	8	136	8	137	8	137	8	136	8	135	8
136	8	136	8	135	8	136	8	137	8	135	8	136	8	137	8
137	8	135	8	135	8	137	8	136	8	137	8	136	8	135	8
134	8	137	8	137	8	135	8	137	8	136	8	136	8	137	8
136	8	135	8	137	8	136	8	137	8	137	8	136	8	135	8
136	8	136	8	138	8	136	8	137	8	137	8	137	8	136	8
136	8	135	8	136	8	135	8	136	8	136	8	136	8	137	8
138	8	135	8	136	8	136	8	137	8	136	8	136	8	136	8
137	8	137	8	135	8	136	8	135	8	136	8	136	8	137	8
137	8	138	8	136	8	136	8	136	8	136	8	137	8	138	8
136	8	135	8	137	8	136	8	137	8	136	8	135	8	136	8
136	8	137	8	136	8	136	8	135	8	136	8	138	8	137	8
136	8	137	8	135	8	136	8	136	8	136	8	136	8	138	8
135	8	136	8	136	8	136	8	136	8	136	8	136	8	137	8
136	8	136	8	136	8	136	8	136	8	137	8	136	8	137	8
136	8	136	8	134	8	137	8	136	8	136	8	137	8	137	8
137	8	136	8	136	8	136	8	135	8	136	8	135	8	137	8
135	8	135	8	134	8	137	8	136	8	136	8	137	8	138	8
139	8	137	8	136	8	136	8	136	8	136	8	135	8	137	8
136	8	135	8	137	8	136	8	135	8	136	8	136	8	136	8
137	8	138	8	136	8	136	8	136	8	136	8	135	8	135	8
136	8	135	8	136	8	136	8	137	8	136	8	136	8	136	8
136	8	138	8	136	8	135	8	135	8	137	8	135	8	137	8
136	8	137	8	137	8	136	8	136	8	136	8	135	8	137	8
137	8	136	8	137	8	137	8	136	8	136	8	136	8	138	8
136	8	137	8	137	8	137	8	136	8	138	8	137	8	136	8
136	8	138	8	137	8	137	8	137	8	136	8	136	8	137	8
136	8	138	8	136	8	135	8	136	8	138	8	135	8	136	8
137	8	137	8	137	8	136	8	135	8	137	8	137	8	137	8
136	8	138	8	138	8	136	8	136	8	136	8	136	8	137	8
137	8	138	8	137	8	137	8	136	8	138	8	138	8	137	8
138	8	136	8	138	8	138	8	137	8	137	8	138	8	138	8
136	8	137	8	136	8	136	8	137	8	137	8	137	8	138	8
137	8	137	8	137	8	136	8	138	8	138	8	136	8	138	8
137	8	136	8	137	8	137	8	135	8	137	8	136	8	137	8
137	8	136	8	137	8	136	8	136	8	136	8	136	8	138	8
136	8	137	8	138	8	137	8	136	8	137	8	137	8	136	8
137	8	137	8	137	8	137	8	138	8	135	8	138	8	137	8
135	8	138	8	136	8	137	8	135	8	138	8	137	8	138	8
136	8	136	8	137	8	135	8	137	8	136	8	138	8	137	8
137	8	137	8	136	8	138	8	137	8	136	8	137	8	137	8
136	8	135	8	136	8	136	8	137	8	137	8	139	8	137	8
137	8	137	8	138	8	136	8	137	8	138	8	136	8	139	8
137	8	137	8	137	8	135	8	137	8	137	8	137	8	138	8
137	8	137	8	138	8	138	8	137	8	137	8	136	8	137	8
136	8	137	8	137	8	136	8	138	8	138	8	138	8	137	8
137	8	136	8	137	8	139	8	136	8	137	8	138	8	137	8
137	8	136	8	137	8	136	8	136	8	137	8	137	8	137	8
137	8	137	8	138	8	137	8	136	8	137	8	137	8	137	8
138	8	137	8	137	8	136	8	138	8	136	8	136	8	139	8
138	8	137	8	138	8	138	8	136	8	137	8	136	8	134	8
138	8	137	8	136	8	136	8	138	8	137	8	137	8	137	8
137	8	137	8	137	8	137	8	138	8	138	8	137	8	137	8
137	8	136	8	136	8	137	8	137	8	137	8	138	8	136	8
136	8	137	8	136	8	137	8	137	8	138	8	137	8	138	8
137	8	136	8	137	8	136	8	138	8	137	8	136	8	138	8
137	8	137	8	136	8	137	8	137	8	137	8	135	8	137	8
137	8	136	8	136	8	135	8	136	8	137	8	137	8	137	8
137	8	137	8	137	8	137	8	137	8	137	8	137	8	137	8
137	8	136	8	138	8	137	8	138	8	137	8	138	8	136	8
137	8	137	8	138	8	137	8	138	8	137	8	137	8	138	8
138	8	137	8	138	8	139	8	138	8	138	8	135	8	138	8
137	8	136	8	137	8	137	8	138	8	138	8	139	8	138	8
138	8	138	8	137	8	137	8	136	8	137	8	138	8	138	8
138	8	136	8	137	8	138	8	136	8	136	8	136	8	139	8
136	8	136	8	136	8	138	8	137	8	135	8	136	8	138	8
137	8	138	8	137	8	135	8	135	8	138	8	137	8	138	8
138	8	137	8	137	8	136	8	137	8	136	8	137	8	138	8
138	8	137	8	137	8	137	8	136	8	137	8	137	8	137	8
137	8	136	8	137	8	136	8	138	8	138	8	138	8	137	8
138	8	138	8	137	8	136	8	136	8	137	8	135	8	137	8
136	8	136	8	137	8	138	8	138	8	136	8	137	8	138	8
136	8	136	8	136	8	140	8	137	8	136	8	136	8	137	8
137	8	137	8	137	8	137	8	137	8	137	8	137	8	137	8
138	8	137	8	138	8	136	8	138	8	136	8	136	8	138	8
137	8	136	8	136	8	137	8	137	8	138	8	137	8	138	8
137	8	137	8	136	8	138	8	138	8	137	8	139	8	136	8
137	8	137	8	138	8	136	8	139	8	138	8	137	8	138	8
137	8	138	8	137	8	137	8	136	8	137	8	136	8	139	8
137	8	137	8	136	8	137	8	137	8	138	8	138	8	137	8
138	8	137	8	138	8	138	8	136	8	137	8	135	8	138	8
136	8	137	8	137	8	136	8	137	8	137	8	137	8	137	8
137	8	137	8	137	8	137	8	136	8	138	8	138	8	137	8
137	8	137	8	137	8	136	8	138	8	138	8	136	8	138	8
138	8	138	8	138	8	137	8	138	8	138	8	137	8	137	8
138	8	137	8	138	8	136	8	136	8	138	8	137	8	139	8
139	8	136	8	137	8	137	8	137	8	138	8	138	8	137	8
138	8	138	8	136	8	137	8	137	8	137	8	137	8	137	8
136	8	137	8	137	8	137	8	136	8	137	8	136	8	137	8
136	8	136	8	137	8	137	8	139	8	137	8	136	8	138	8
136	8	137	8	135	8	138	8	138	8	136	8	137	8	139	8
137	8	138	8	137	8	138	8	137	8	137	8	137	8	138	8
138	8	138	8	137	8	138	8	137	8	137	8	137	8	138	8
137	8	135	8	137	8	137	8	136	8	138	8	136	8	137	8
137	8	137	8	138	8	138	8	138	8	136	8	137	8	137	8
138	8	138	8	138	8	138	8	136	8	137	8	139	8	137	8
138	8	137	8	137	8	138	8	138	8	137	8	138	8	138	8
137	8	137	8	137	8	137	8	139	8	137	8	137	8	137	8
139	8	138	8	138	8	139	8	137	8	137	8	137	8	137	8
135	8	139	8	137	8	137	8	137	8	137	8	137	8	139	8
139	8	139	8	137	8	138	8	139	8	138	8	138	8	139	8
137	8	137	8	137	8	136	8	137	8	138	8	137	8	138	8
137	8	137	8	137	8	138	8	137	8	137	8	137	8	137	8
137	8	139	8	137	8	136	8	138	8	139	8	136	8	137	8
138	8	136	8	139	8	136	8	137	8	137	8	139	8	139	8
137	8	137	8	138	8	137	8	136	8	137	8	136	8	138	8
137	8	139	8	137	8	139	8	139	8	137	8	138	8	137	8
137	8	138	8	136	8	138	8	137	8	138	8	138	8	139	8
137	8	137	8	136	8	139	8	139	8	137	8	138	8	139	8
137	8	138	8	138	8	138	8	138	8	138	8	139	8	137	8
139	8	139	8	137	8	139	8	138	8	139	8	137	8	138	8
139	8	138	8	139	8	138	8	139	8	138	8	139	8	139	8
137	8	137	8	137	8	138	8	138	8	139	8	138	8	139	8
137	8	138	8	137	8	137	8	138	8	138	8	138	8	139	8
138	8	139	8	136	8	140	8	138	8	139	8	137	8	139	8
136	8	139	8	137	8	138	8	137	8	137	8	139	8	140	8
139	8	138	8	139	8	137	8	138	8	137	8	138	8	138	8
138	8	138	8	137	8	138	8	138	8	139	8	138	8	139	8
139	8	138	8	137	8	135	8	138	8	138	8	139	8	139	8
138	8	138	8	137	8	138	8	139	8	138	8	136	8	140	8
137	8	138	8	137	8	138	8	139	8	139	8	139	8	138	8
138	8	138	8	139	8	137	8	137	8	139	8	139	8	138	8
137	8	138	8	137	8	139	8	141	8	137	8	137	8	137	8
140	8	137	8	137	8	138	8	140	8	137	8	137	8	140	8
138	8	138	8	140	8	139	8	137	8	137	8	139	8	139	8
136	8	138	8	137	8	139	8	140	8	139	8	139	8	140	8
139	8	138	8	137	8	138	8	140	8	140	8	137	8	138	8
138	8	138	8	139	8	137	8	138	8	138	8	139	8	139	8
135	8	138	8	137	8	138	8	137	8	137	8	138	8	137	8
139	8	139	8	138	8	137	8	139	8	139	8	138	8	138	8
138	8	136	8	139	8	137	8	138	8	137	8	138	8	138	8
137	8	138	8	138	8	138	8	139	8	140	8	138	8	137	8
139	8	136	8	139	8	137	8	139	8	138	8	139	8	138	8
137	8	139	8	139	8	139	8	138	8	139	8	138	8	139	8
137	8	137	8	138	8	138	8	139	8	139	8	137	8	139	8
137	8	138	8	137	8	140	8	138	8	138	8	138	8	138	8
138	8	136	8	139	8	137	8	137	8	137	8	139	8	138	8
139	8	139	8	137	8	137	8	138	8	139	8	131	8	138	8
139	8	137	8	140	8	139	8	139	8	138	8	137	8	139	8
139	8	138	8	136	8	138	8	137	8	139	8	139	8	140	8
138	8	141	8	139	8	138	8	137	8	137	8	136	8	140	8
138	8	136	8	137	8	139	8	139	8	138	8	139	8	139	8
137	8	138	8	137	8	138	8	138	8	138	8	137	8	139	8
137	8	137	8	139	8	139	8	139	8	138	8	137	8	138	8
137	8	138	8	137	8	139	8	137	8	138	8	140	8	138	8
139	8	138	8	137	8	139	8	138	8	139	8	138	8	139	8
137	8	138	8	139	8	138	8	137	8	139	8	138	8	139	8
138	8	139	8	137	8	138	8	140	8	138	8	139	8	139	8
137	8	138	8	138	8	139	8	140	8	139	8	137	8	137	8
138	8	138	8	137	8	138	8	134	8	138	8	139	8	139	8
137	8	138	8	137	8	139	8	139	8	139	8	139	8	138	8
139	8	140	8	139	8	137	8	137	8	139	8	137	8	138	8
139	8	137	8	139	8	137	8	137	8	139	8	137	8	140	8
137	8	138	8	137	8	139	8	139	8	139	8	137	8	139	8
138	8	137	8	139	8	139	8	138	8	139	8	138	8	139	8
139	8	139	8	138	8	138	8	140	8	136	8	138	8	138	8
137	8	139	8	137	8	139	8	137	8	139	8	138	8	140	8
138	8	138	8	137	8	139	8	138	8	139	8	138	8	139	8
139	8	138	8	140	8	139	8	139	8	138	8	138	8	139	8
139	8	136	8	138	8	139	8	137	8	139	8	138	8	139	8
139	8	138	8	139	8	138	8	139	8	137	8	139	8	140	8
137	8	139	8	138	8	137	8	140	8	138	8	139	8	138	8
138	8	139	8	138	8	139	8	138	8	138	8	138	8	139	8
140	8	138	8	138	8	140	8	138	8	139	8	137	8	139	8
139	8	137	8	139	8	139	8	139	8	139	8	138	8	139	8
138	8	137	8	139	8	137	8	139	8	138	8	138	8	139	8
139	8	140	8	140	8	139	8	137	8	138	8	139	8	139	8
139	8	137	8	138	8	137	8	137	8	139	8	138	8	138	8
137	8	139	8	139	8	138	8	137	8	138	8	137	8	138	8
139	8	139	8	139	8	138	8	139	8	137	8	139	8	139	8
138	8	137	8	139	8	139	8	137	8	138	8	138	8	139	8
138	8	138	8	138	8	138	8	140	8	138	8	139	8	140	8
139	8	138	8	138	8	138	8	138	8	138	8	138	8	138	8
139	8	138	8	139	8	137	8	140	8	139	8	139	8	139	8
138	8	139	8	139	8	139	8	139	8	138	8	137	8	138	8
140	8	139	8	137	8	138	8	139	8	140	8	137	8	138	8
140	8	138	8	138	8	138	8	138	8	137	8	137	8	140	8
138	8	140	8	139	8	139	8	138	8	139	8	139	8	140	8
138	8	140	8	139	8	139	8	139	8	138	8	137	8	137	8
139	8	137	8	139	8	139	8	138	8	137	8	138	8	139	8
139	8	138	8	138	8	138	8	139	8	140	8	139	8	139	8
139	8	137	8	139	8	139	8	139	8	139	8	138	8	139	8
139	8	138	8	138	8	139	8	139	8	139	8	139	8	141	8
139	8	140	8	139	8	139	8	139	8	139	8	139	8	139	8
138	8	137	8	138	8	139	8	139	8	139	8	139	8	139	8
140	8	138	8	138	8	139	8	140	8	138	8	139	8	138	8
139	8	137	8	140	8	137	8	137	8	139	8	137	8	139	8
140	8	139	8	137	8	139	8	138	8	137	8	139	8	139	8
139	8	138	8	138	8	139	8	138	8	139	8	139	8	138	8
139	8	140	8	139	8	140	8	138	8	139	8	139	8	139	8
139	8	139	8	138	8	139	8	139	8	138	8	137	8	138	8
139	8	139	8	137	8	139	8	139	8	139	8	139	8	139	8
139	8	138	8	141	8	139	8	139	8	140	8	138	8	139	8
140	8	138	8	137	8	139	8	139	8	137	8	139	8	139	8
139	8	139	8	139	8	138	8	139	8	139	8	139	8	139	8
137	8	136	8	138	8	139	8	139	8	138	8	137	8	137	8
140	8	139	8	139	8	139	8	138	8	139	8	139	8	140	8
139	8	139	8	139	8	139	8	140	8	138	8	137	8	138	8
139	8	138	8	139	8	139	8	139	8	139	8	138	8	139	8
139	8	139	8	139	8	138	8	139	8	139	8	139	8	139	8
139	8	139	8	138	8	139	8	141	8	140	8	139	8	140	8
139	8	140	8	139	8	138	8	139	8	139	8	139	8	139	8
139	8	137	8	139	8	139	8	139	8	140	8	140	8	138	8
139	8	139	8	139	8	139	8	138	8	137	8	138	8	139	8
139	8	139	8	139	8	139	8	139	8	137	8	139	8	139	8
138	8	137	8	139	8	140	8	138	8	138	8	138	8	139	8
137	8	139	8	138	8	139	8	139	8	140	8	139	8	141	8
139	8	138	8	140	8	138	8	138	8	138	8	137	8	138	8
138	8	137	8	140	8	139	8	138	8	137	8	137	8	141	8
139	8	139	8	139	8	140	8	139	8	140	8	138	8	139	8
140	8	138	8	139	8	139	8	139	8	137	8	139	8	139	8
139	8	138	8	137	8	139	8	140	8	138	8	138	8	139	8
138	8	138	8	138	8	139	8	139	8	138	8	139	8	138	8
139	8	139	8	139	8	137	8	138	8	138	8	138	8	140	8
139	8	138	8	138	8	140	8	138	8	139	8	140	8	140	8
139	8	139	8	137	8	138	8	139	8	139	8	139	8	138	8
139	8	139	8	139	8	139	8	138	8	138	8	139	8	140	8
139	8	137	8	138	8	137	8	139	8	137	8	140	8	139	8
139	8	139	8	139	8	139	8	139	8	139	8	139	8	140	8
140	8	138	8	139	8	139	8	140	8	138	8	138	8	140	8
139	8	139	8	138	8	139	8	139	8	139	8	137	8	141	8
140	8	139	8	137	8	138	8	140	8	140	8	137	8	140	8
139	8	139	8	139	8	140	8	136	8	137	8	137	8	139	8
139	8	139	8	138	8	138	8	137	8	138	8	138	8	140	8
137	8	139	8	138	8	138	8	138	8	140	8	139	8	137	8
139	8	137	8	139	8	138	8	140	8	139	8	137	8	139	8
139	8	139	8	139	8	140	8	137	8	139	8	139	8	138	8
137	8	139	8	138	8	139	8	140	8	137	8	139	8	140	8
140	8	139	8	137	8	139	8	137	8	138	8	140	8	141	8
138	8	139	8	139	8	139	8	140	8	138	8	140	8	139	8
139	8	139	8	139	8	139	8	140	8	138	8	139	8	139	8
137	8	139	8	138	8	139	8	140	8	139	8	140	8	139	8
139	8	139	8	141	8	140	8	139	8	139	8	138	8	140	8
139	8	139	8	139	8	139	8	139	8	139	8	139	8	139	8
140	8	139	8	141	8	139	8	137	8	139	8	138	8	140	8
138	8	139	8	139	8	138	8	136	8	139	8	138	8	139	8
139	8	139	8	138	8	141	8	139	8	137	8	139	8	137	8
140	8	137	8	138	8	140	8	139	8	139	8	138	8	141	8
139	8	139	8	139	8	138	8	137	8	139	8	139	8	140	8
137	8	140	8	140	8	139	8	139	8	139	8	139	8	139	8
137	8	139	8	141	8	138	8	139	8	139	8	138	8	140	8
138	8	139	8	140	8	139	8	139	8	139	8	140	8	141	8
139	8	138	8	140	8	139	8	140	8	140	8	139	8	140	8
139	8	139	8	140	8	140	8	139	8	139	8	140	8	140	8
139	8	139	8	138	8	140	8	139	8	140	8	140	8	142	8
140	8	139	8	139	8	140	8	139	8	139	8	140	8	139	8
139	8	139	8	138	8	141	8	139	8	139	8	138	8	140	8
140	8	140	8	139	8	141	8	139	8	139	8	138	8	142	8
141	8	142	8	140	8	139	8	139	8	137	8	139	8	139	8
137	8	140	8	140	8	140	8	139	8	139	8	139	8	140	8
140	8	140	8	141	8	142	8	139	8	140	8	140	8	140	8
138	8	139	8	139	8	140	8	139	8	139	8	139	8	141	8
139	8	139	8	140	8	139	8	141	8	138	8	138	8	139	8
140	8	139	8	138	8	138	8	139	8	140	8	139	8	141	8
139	8	139	8	141	8	140	8	140	8	139	8	139	8	139	8
140	8	139	8	140	8	138	8	140	8	139	8	139	8	139	8
140	8	138	8	141	8	141	8	138	8	139	8	140	8	140	8
140	8	139	8	140	8	139	8	141	8	138	8	140	8	140	8
139	8	139	8	139	8	137	8	139	8	138	8	139	8	141	8
137	8	137	8	141	8	139	8	138	8	140	8	139	8	140	8
141	8	139	8	139	8	140	8	139	8	139	8	140	8	139	8
140	8	140	8	140	8	139	8	140	8	139	8	140	8	139	8
140	8	140	8	138	8	137	8	141	8	138	8	138	8	141	8
141	8	139	8	139	8	139	8	140	8	139	8	140	8	139	8
140	8	140	8	139	8	140	8	140	8	141	8	140	8	142	8
142	8	139	8	140	8	140	8	140	8	140	8	140	8	141	8
141	8	140	8	139	8	139	8	139	8	138	8	139	8	140	8
140	8	141	8	138	8	138	8	141	8	140	8	138	8	141	8
140	8	140	8	137	8	139	8	140	8	140	8	140	8	140	8
140	8	139	8	139	8	142	8	140	8	139	8	141	8	142	8
140	8	139	8	140	8	139	8	139	8	141	8	139	8	141	8
141	8	141	8	139	8	142	8	141	8	141	8	141	8	140	8
140	8	140	8	141	8	140	8	140	8	141	8	140	8	140	8
139	8	139	8	140	8	139	8	140	8	140	8	140	8	140	8
139	8	139	8	139	8	139	8	140	8	139	8	139	8	142	8
138	8	140	8	140	8	140	8	139	8	140	8	139	8	140	8
139	8	140	8	140	8	140	8	140	8	139	8	140	8	141	8
141	8	140	8	139	8	138	8	140	8	140	8	139	8	140	8
140	8	141	8	139	8	140	8	140	8	140	8	139	8	141	8
140	8	140	8	140	8	139	8	140	8	140	8	139	8	141	8
141	8	140	8	140	8	140	8	141	8	140	8	139	8	140	8
139	8	139	8	140	8	139	8	139	8	140	8	139	8	141	8
139	8	138	8	140	8	141	8	141	8	140	8	139	8	140	8
140	8	139	8	140	8	139	8	139	8	142	8	141	8	142	8
139	8	139	8	141	8	140	8	138	8	139	8	139	8	139	8
140	8	139	8	140	8	140	8	141	8	139	8	140	8	139	8
140	8	140	8	140	8	139	8	138	8	140	8	141	8	139	8
139	8	140	8	141	8	139	8	139	8	139	8	139	8	139	8
141	8	141	8	141	8	140	8	140	8	139	8	140	8	140	8
140	8	139	8	139	8	141	8	141	8	139	8	140	8	140	8
140	8	139	8	140	8	139	8	139	8	141	8	139	8	140	8
139	8	141	8	141	8	140	8	141	8	140	8	140	8	141	8
139	8	141	8	141	8	138	8	140	8	140	8	141	8	140	8
139	8	139	8	140	8	139	8	141	8	141	8	141	8	140	8
141	8	140	8	142	8	141	8	140	8	139	8	141	8	139	8
140	8	140	8	139	8	140	8	140	8	139	8	141	8	141	8
140	8	141	8	139	8	139	8	141	8	141	8	140	8	140	8
140	8	139	8	139	8	141	8	140	8	141	8	140	8	141	8
141	8	142	8	141	8	139	8	140	8	140	8	140	8	140	8
140	8	139	8	140	8	141	8	140	8	140	8	140	8	141	8
140	8	140	8	139	8	141	8	140	8	141	8	137	8	143	8
140	8	140	8	141	8	141	8	140	8	140	8	140	8	140	8
138	8	141	8	139	8	140	8	140	8	140	8	140	8	140	8
140	8	140	8	141	8	138	8	138	8	141	8	140	8	141	8
139	8	139	8	139	8	139	8	141	8	140	8	141	8	142	8
139	8	138	8	141	8	140	8	141	8	141	8	140	8	141	8
141	8	140	8	142	8	140	8	140	8	140	8	139	8	141	8
139	8	139	8	141	8	140	8	141	8	140	8	141	8	141	8
140	8	139	8	141	8	140	8	140	8	140	8	139	8	141	8
141	8	140	8	139	8	139	8	141	8	140	8	141	8	141	8
141	8	139	8	141	8	138	8	141	8	140	8	141	8	140	8
141	8	141	8	141	8	140	8	141	8	140	8	140	8	140	8
141	8	139	8	141	8	141	8	139	8	140	8	140	8	140	8
141	8	140	8	142	8	140	8	139	8	142	8	141	8	141	8
141	8	140	8	141	8	141	8	139	8	139	8	139	8	141	8
140	8	141	8	142	8	141	8	141	8	141	8	140	8	141	8
140	8	140	8	140	8	139	8	140	8	143	8	139	8	142	8
140	8	139	8	140	8	139	8	139	8	139	8	141	8	140	8
142	8	140	8	141	8	140	8	143	8	142	8	140	8	142	8
139	8	139	8	142	8	141	8	139	8	141	8	141	8	142	8
141	8	141	8	141	8	140	8	141	8	140	8	140	8	140	8
142	8	142	8	140	8	141	8	140	8	140	8	140	8	142	8
138	8	140	8	140	8	141	8	141	8	140	8	142	8	141	8
142	8	140	8	140	8	141	8	138	8	140	8	141	8	141	8
141	8	140	8	140	8	140	8	141	8	141	8	141	8	140	8
141	8	139	8	142	8	142	8	140	8	140	8	141	8	140	8
140	8	141	8	141	8	141	8	142	8	139	8	142	8	141	8
139	8	140	8	141	8	140	8	141	8	140	8	140	8	143	8
141	8	142	8	141	8	140	8	142	8	141	8	141	8	141	8
141	8	141	8	140	8	141	8	140	8	141	8	141	8	142	8
142	8	140	8	140	8	142	8	139	8	140	8	141	8	142	8
141	8	139	8	141	8	140	8	141	8	140	8	139	8	141	8
140	8	141	8	141	8	141	8	140	8	142	8	140	8	141	8
141	8	142	8	141	8	140	8	141	8	141	8	141	8	142	8
140	8	141	8	141	8	140	8	139	8	139	8	141	8	141	8
142	8	140	8	140	8	140	8	140	8	142	8	141	8	141	8
141	8	141	8	140	8	141	8	141	8	142	8	142	8	141	8
141	8	141	8	140	8	140	8	143	8	140	8	141	8	141	8
140	8	140	8	140	8	141	8	141	8	140	8	140	8	140	8
141	8	142	8	140	8	141	8	140	8	141	8	140	8	141	8
141	8	140	8	140	8	141	8	141	8	140	8	141	8	141	8
140	8	141	8	140	8	141	8	140	8	141	8	141	8	140	8
141	8	140	8	141	8	141	8	141	8	141	8	141	8	140	8
141	8	140	8	140	8	141	8	139	8	142	8	141	8	141	8
140	8	141	8	140	8	141	8	140	8	141	8	140	8	143	8
141	8	142	8	140	8	140	8	140	8	141	8	142	8	142	8
140	8	140	8	142	8	141	8	141	8	141	8	140	8	142	8
139	8	141	8	142	8	141	8	141	8	140	8	141	8	141	8
141	8	142	8	140	8	141	8	141	8	141	8	139	8	142	8
140	8	141	8	141	8	141	8	141	8	141	8	142	8	140	8
140	8	141	8	141	8	141	8	140	8	141	8	141	8	141	8
141	8	141	8	141	8	141	8	141	8	141	8	141	8	143	8
139	8	140	8	141	8	140	8	140	8	142	8	141	8	141	8
141	8	141	8	141	8	139	8	139	8	141	8	140	8	141	8
143	8	141	8	140	8	141	8	141	8	140	8	141	8	141	8
141	8	140	8	140	8	141	8	141	8	141	8	141	8	141	8
141	8	141	8	141	8	140	8	141	8	141	8	142	8	141	8
142	8	141	8	142	8	141	8	141	8	141	8	141	8	142	8
141	8	141	8	142	8	140	8	141	8	140	8	140	8	140	8
141	8	142	8	140	8	140	8	141	8	143	8	141	8	141	8
140	8	141	8	142	8	142	8	141	8	141	8	141	8	141	8
141	8	140	8	142	8	141	8	141	8	140	8	141	8	142	8
141	8	140	8	141	8	140	8	140	8	142	8	140	8	142	8
143	8	141	8	142	8	140	8	142	8	143	8	142	8	141	8
141	8	141	8	140	8	141	8	142	8	142	8	141	8	141	8
143	8	141	8	141	8	141	8	141	8	140	8	141	8	141	8
141	8	140	8	141	8	142	8	141	8	142	8	141	8	143	8
141	8	141	8	141	8	141	8	141	8	141	8	141	8	142	8
141	8	141	8	141	8	143	8	141	8	141	8	141	8	143	8
141	8	141	8	140	8	143	8	142	8	142	8	143	8	141	8
140	8	140	8	141	8	143	8	140	8	141	8	141	8	142	8
141	8	140	8	141	8	141	8	141	8	141	8	140	8	142	8
140	8	140	8	142	8	141	8	141	8	141	8	142	8	141	8
141	8	141	8	141	8	141	8	141	8	142	8	141	8	141	8
141	8	141	8	141	8	142	8	141	8	142	8	141	8	143	8
143	8	141	8	141	8	141	8	142	8	141	8	141	8	140	8
141	8	141	8	141	8	141	8	141	8	141	8	141	8	142	8
141	8	140	8	141	8	141	8	142	8	140	8	141	8	141	8
140	8	141	8	140	8	141	8	142	8	141	8	140	8	142	8
141	8	140	8	142	8	141	8	142	8	141	8	142	8	143	8
140	8	141	8	140	8	141	8	141	8	141	8	141	8	143	8
142	8	142	8	139	8	141	8	142	8	141	8	142	8	141	8
141	8	142	8	142	8	142	8	142	8	142	8	142	8	143	8
141	8	143	8	142	8	142	8	141	8	141	8	142	8	141	8
143	8	143	8	141	8	140	8	143	8	142	8	139	8	141	8
140	8	141	8	141	8	141	8	140	8	140	8	142	8	141	8
140	8	140	8	141	8	141	8	141	8	141	8	141	8	142	8
143	8	141	8	142	8	141	8	141	8	141	8	141	8	142	8
143	8	139	8	144	8	141	8	141	8	141	8	141	8	141	8
141	8	141	8	142	8	141	8	140	8	141	8	143	8	141	8
141	8	141	8	140	8	142	8	141	8	141	8	141	8	141	8
141	8	141	8	141	8	141	8	143	8	141	8	141	8	141	8
141	8	141	8	142	8	142	8	142	8	141	8	141	8	143	8
142	8	143	8	141	8	143	8	143	8	141	8	142	8	142	8
142	8	142	8	143	8	141	8	142	8	141	8	141	8	143	8
141	8	141	8	143	8	141	8	141	8	141	8	143	8	141	8
141	8	143	8	140	8	141	8	141	8	142	8	143	8	141	8
142	8	141	8	140	8	141	8	143	8	141	8	144	8	140	8
141	8	143	8	142	8	141	8	141	8	141	8	141	8	142	8
141	8	142	8	141	8	143	8	143	8	143	8	142	8	141	8
142	8	141	8	141	8	141	8	140	8	141	8	141	8	143	8
141	8	143	8	141	8	141	8	142	8	141	8	140	8	143	8
142	8	141	8	141	8	142	8	142	8	141	8	141	8	143	8
143	8	143	8	143	8	142	8	143	8	141	8	142	8	144	8
141	8	141	8	141	8	141	8	143	8	141	8	143	8	143	8
143	8	143	8	142	8	141	8	143	8	142	8	142	8	140	8
142	8	141	8	143	8	141	8	142	8	143	8	142	8	140	8
141	8	142	8	143	8	143	8	141	8	143	8	141	8	141	8
141	8	142	8	142	8	141	8	141	8	122	8	106	8	105	8
105	8	104	8	102	8	105	8	105	8	105	8	105	8	103	8
104	8	103	8	102	8	102	8	103	8	100	8	100	8	99	8
98	8	88	8	74	8	74	8	76	8	74	8	74	8	75	8
74	8	78	8	78	8	78	8	80	8	83	8	86	8	82	8
88	8	88	8	89	8	89	8	39	8	39	8	34	8	34	8
36	8	37	8	39	8	37	8	92	8	80	8	71	8	82	8
70	8	49	8	48	8	48	8	49	8	49	8	48	8	50	8
48	8	48	8	48	8	49	8	50	8	51	8	48	8	51	8
48	8	52	8	50	8	50	8	52	8	51	8	52	8	52	8
55	8	56	8	55	8	56	8	60	8	59	8	64	8	66	8
70	8	72	8	78	8	78	8	84	8	91	8	101	8	124	8
OK
OK
OK
WARNING! RECEIVED =  (0)
WARNING! RECEIVED = (4)
WARNING! RECEIVED =  (0)
WARNING! RECEIVED =  (0)
WARNING! RECEIVED =  (0)
WARNING! RECEIVED =  (0)
WARNING! RECEIVED =  (0)
WARNING! RECEIVED = #(35)
WARNING! RECEIVED =  (0)
WARNING! RECEIVED =  (0)
WARNING! RECEIVED = (2)
WARNING! RECEIVED =  (0)
WARNING! RECEIVED = (4)
WARNING! RECEIVED =  (0)
