0	2023-09-05T17:17:11.134Z	-0.0023851971889938817	2.7834001185240256
1	2023-09-05T17:17:12.369Z	2.7787654192465467	-0.006688846518081215	1235
2	2023-09-05T17:17:13.606Z	-0.0023851971889938817	2.7843932683691994	1237
3	2023-09-05T17:17:14.842Z	2.7744617699174596	-0.006026746621298429	1236
4	2023-09-05T17:17:16.077Z	-0.0013920473438198133	2.7817448687820687	1235
5	2023-09-05T17:17:17.313Z	2.7761170196594165	-0.008013046311646344	1236
6	2023-09-05T17:17:18.549Z	-0.0027162471373851638	2.7804206689885036	1236
7	2023-09-05T17:17:19.782Z	2.775785969711025	-0.007681996363255061	1233
8	2023-09-05T17:17:21.018Z	-0.003047297085776446	2.780751718936895	1236
9	2023-09-05T17:17:22.252Z	2.7764480696078078	-0.006357796569689711	1234
10	2023-09-05T17:17:23.488Z	-0.0027162471373851638	2.7814138188336774	1236
11	2023-09-05T17:17:24.724Z	2.774792819865851	-0.008013046311646344	1236
12	2023-09-05T17:17:25.959Z	-0.00337834703416795	2.7814138188336774	1235
13	2023-09-05T17:17:27.195Z	2.775454919762634	-0.007019896466472497	1236
14	2023-09-05T17:17:28.431Z	-0.00337834703416795	2.7814138188336774	1236
15	2023-09-05T17:17:29.665Z	2.778103319349764	-0.006357796569689711	1234
16	2023-09-05T17:17:30.901Z	-0.0017230972922113175	2.782738018627243	1236
17	2023-09-05T17:17:32.137Z	2.777772269401373	-0.005695696672907147	1236
18	2023-09-05T17:17:33.373Z	-0.0017230972922113175	2.783731168472417	1236
19	2023-09-05T17:17:34.607Z	2.778103319349764	-0.007681996363255061	1234
20	2023-09-05T17:17:35.843Z	-0.0023851971889938817	2.784062218420808	1236
21	2023-09-05T17:17:37.078Z	2.7784343692981555	-0.008013046311646344	1235
22	2023-09-05T17:17:38.315Z	-0.0027162471373851638	2.784062218420808	1237
23	2023-09-05T17:17:39.550Z	2.778103319349764	-0.007019896466472497	1235
24	2023-09-05T17:17:40.787Z	-0.00337834703416795	2.7834001185240256	1237
25	2023-09-05T17:17:42.022Z	2.778103319349764	-0.009006196156820412	1235
26	2023-09-05T17:17:43.258Z	-0.0020541472406025996	2.783731168472417	1236
27	2023-09-05T17:17:44.494Z	2.7764480696078078	-0.007681996363255061	1236
28	2023-09-05T17:17:45.731Z	-0.004040446930950514	2.7824069686788517	1237
29	2023-09-05T17:17:46.966Z	2.7784343692981555	-0.006688846518081215	1235
30	2023-09-05T17:17:48.205Z	-0.0027162471373851638	2.7834001185240256	1239
31	2023-09-05T17:17:49.440Z	2.777772269401373	-0.007019896466472497	1235
32	2023-09-05T17:17:50.677Z	-0.0017230972922113175	2.7834001185240256	1237
33	2023-09-05T17:17:51.912Z	2.779096469194938	-0.007350946414863779	1235
34	2023-09-05T17:17:53.148Z	-0.004040446930950514	2.7830690685756343	1236
35	2023-09-05T17:17:54.382Z	2.7774412194529816	-0.007681996363255061	1234
36	2023-09-05T17:17:55.619Z	-0.000398897498645967	2.7834001185240256	1237
37	2023-09-05T17:17:56.855Z	2.7784343692981555	-0.008013046311646344	1236
38	2023-09-05T17:17:58.092Z	-0.0010609973954285312	2.7830690685756343	1237
39	2023-09-05T17:17:59.328Z	2.7787654192465467	-0.008344096260037848	1236
40	2023-09-05T17:18:00.564Z	-0.0027162471373851638	2.7824069686788517	1236
41	2023-09-05T17:18:01.801Z	2.7787654192465467	-0.007019896466472497	1237
42	2023-09-05T17:18:03.038Z	-0.003047297085776446	2.784062218420808	1237
43	2023-09-05T17:18:04.273Z	2.7774412194529816	-0.007019896466472497	1235
44	2023-09-05T17:18:05.510Z	-0.0010609973954285312	2.7843932683691994	1237
45	2023-09-05T17:18:06.747Z	2.7787654192465467	-0.007350946414863779	1237
46	2023-09-05T17:18:07.982Z	-0.0023851971889938817	2.7830690685756343	1235
47	2023-09-05T17:18:09.218Z	2.7774412194529816	-0.007019896466472497	1236
48	2023-09-05T17:18:10.455Z	-0.0020541472406025996	2.783731168472417	1237
49	2023-09-05T17:18:11.690Z	2.777772269401373	-0.006688846518081215	1235
50	2023-09-05T17:18:12.928Z	-0.0013920473438198133	2.783731168472417	1238
51	2023-09-05T17:18:14.165Z	2.7784343692981555	-0.006357796569689711	1237
52	2023-09-05T17:18:15.401Z	-0.0020541472406025996	2.7830690685756343	1236
53	2023-09-05T17:18:16.637Z	2.777772269401373	-0.007681996363255061	1236
54	2023-09-05T17:18:17.873Z	-0.0017230972922113175	2.783731168472417	1236
55	2023-09-05T17:18:19.109Z	2.7784343692981555	-0.007350946414863779	1236
56	2023-09-05T17:18:20.345Z	-0.003709396982559232	2.782738018627243	1236
57	2023-09-05T17:18:21.580Z	2.775785969711025	-0.006357796569689711	1235
58	2023-09-05T17:18:22.816Z	-0.0020541472406025996	2.7830690685756343	1236
59	2023-09-05T17:18:24.051Z	2.7784343692981555	-0.006357796569689711	1235
60	2023-09-05T17:18:25.288Z	-0.0023851971889938817	2.7847243183175907	1237
61	2023-09-05T17:18:26.523Z	2.775785969711025	-0.008013046311646344	1235
62	2023-09-05T17:18:27.760Z	-0.0023851971889938817	2.7820759187304605	1237
63	2023-09-05T17:18:28.995Z	2.7774412194529816	-0.007019896466472497	1235
64	2023-09-05T17:18:30.230Z	-0.0020541472406025996	2.78704166795633	1235
65	2023-09-05T17:18:31.465Z	2.777772269401373	-0.006688846518081215	1235
66	2023-09-05T17:18:32.700Z	-0.0027162471373851638	2.7853864182143733	1235
67	2023-09-05T17:18:33.935Z	2.7787654192465467	-0.006688846518081215	1235
68	2023-09-05T17:18:35.172Z	-0.0023851971889938817	2.784062218420808	1237
69	2023-09-05T17:18:36.408Z	2.779096469194938	-0.006357796569689711	1236
70	2023-09-05T17:18:37.643Z	-0.0023851971889938817	2.783731168472417	1235
71	2023-09-05T17:18:38.877Z	2.7771101695045903	-0.008013046311646344	1234
72	2023-09-05T17:18:40.114Z	-0.0017230972922113175	2.7824069686788517	1237
73	2023-09-05T17:18:41.349Z	2.7787654192465467	-0.008013046311646344	1235
74	2023-09-05T17:18:42.586Z	-0.003047297085776446	2.7824069686788517	1237
75	2023-09-05T17:18:43.822Z	2.7797585690917206	-0.00867514620842913	1236
76	2023-09-05T17:18:45.058Z	-0.0010609973954285312	2.7847243183175907	1236
77	2023-09-05T17:18:46.292Z	2.7774412194529816	-0.007681996363255061	1234
78	2023-09-05T17:18:47.529Z	-0.0020541472406025996	2.7834001185240256	1237
79	2023-09-05T17:18:48.764Z	2.776779119556199	-0.007019896466472497	1235
80	2023-09-05T17:18:50.001Z	-0.004040446930950514	2.7824069686788517	1237
81	2023-09-05T17:18:51.236Z	2.7761170196594165	-0.008344096260037848	1235
82	2023-09-05T17:18:52.473Z	-0.003047297085776446	2.782738018627243	1237
83	2023-09-05T17:18:53.708Z	2.7771101695045903	-0.007350946414863779	1235
84	2023-09-05T17:18:54.945Z	-0.0020541472406025996	2.783731168472417	1237
85	2023-09-05T17:18:56.180Z	2.7784343692981555	-0.007681996363255061	1235
86	2023-09-05T17:18:57.416Z	-0.0023851971889938817	2.785055368265982	1236
87	2023-09-05T17:18:58.651Z	2.778103319349764	-0.006357796569689711	1235
88	2023-09-05T17:18:59.888Z	-0.0010609973954285312	2.781082768885286	1237
89	2023-09-05T17:19:01.123Z	2.777772269401373	-0.008013046311646344	1235
90	2023-09-05T17:19:02.360Z	-0.0027162471373851638	2.785055368265982	1237
91	2023-09-05T17:19:03.596Z	2.778103319349764	-0.005364646724515865	1236
92	2023-09-05T17:19:04.835Z	-0.0023851971889938817	2.782738018627243	1239
93	2023-09-05T17:19:06.069Z	2.7787654192465467	-0.006688846518081215	1234
94	2023-09-05T17:19:07.306Z	-0.0023851971889938817	2.7820759187304605	1237
95	2023-09-05T17:19:08.543Z	2.7771101695045903	-0.006688846518081215	1237
96	2023-09-05T17:19:09.779Z	-0.0023851971889938817	2.7843932683691994	1236
97	2023-09-05T17:19:11.015Z	2.778103319349764	-0.00867514620842913	1236
98	2023-09-05T17:19:12.253Z	-0.0020541472406025996	2.784062218420808	1238
99	2023-09-05T17:19:13.490Z	2.779096469194938	-0.007350946414863779	1237
100	2023-09-05T17:19:14.728Z	-0.003047297085776446	2.7847243183175907	1238
101	2023-09-05T17:19:15.964Z	2.780089619040112	-0.006026746621298429	1236
102	2023-09-05T17:19:17.201Z	-0.0017230972922113175	2.7824069686788517	1237
103	2023-09-05T17:19:18.437Z	2.779096469194938	-0.005695696672907147	1236
104	2023-09-05T17:19:19.674Z	-0.0017230972922113175	2.782738018627243	1237
105	2023-09-05T17:19:20.910Z	2.778103319349764	-0.008344096260037848	1236
106	2023-09-05T17:19:22.148Z	-0.0023851971889938817	2.784062218420808	1238
107	2023-09-05T17:19:23.382Z	2.7774412194529816	-0.007019896466472497	1234
108	2023-09-05T17:19:24.620Z	-0.003047297085776446	2.7834001185240256	1238
109	2023-09-05T17:19:25.855Z	2.776779119556199	-0.006357796569689711	1235
110	2023-09-05T17:19:27.092Z	-0.0020541472406025996	2.7824069686788517	1237
111	2023-09-05T17:19:28.327Z	2.7787654192465467	-0.006357796569689711	1235
112	2023-09-05T17:19:29.564Z	-0.0027162471373851638	2.7843932683691994	1237
113	2023-09-05T17:19:30.800Z	2.7784343692981555	-0.006026746621298429	1236
114	2023-09-05T17:19:32.038Z	-0.0027162471373851638	2.782738018627243	1238
115	2023-09-05T17:19:33.273Z	2.778103319349764	-0.006688846518081215	1235
116	2023-09-05T17:19:34.510Z	-0.0020541472406025996	2.7830690685756343	1237
117	2023-09-05T17:19:35.745Z	2.7771101695045903	-0.00867514620842913	1235
118	2023-09-05T17:19:36.982Z	-0.0027162471373851638	2.784062218420808	1237
119	2023-09-05T17:19:38.218Z	2.778103319349764	-0.007681996363255061	1236
120	2023-09-05T17:19:39.454Z	-0.0020541472406025996	2.7834001185240256	1236
121	2023-09-05T17:19:40.689Z	2.777772269401373	-0.006357796569689711	1235
122	2023-09-05T17:19:41.926Z	-0.0010609973954285312	2.785055368265982	1237
123	2023-09-05T17:19:43.163Z	2.777772269401373	-0.006026746621298429	1237
124	2023-09-05T17:19:44.398Z	-0.0020541472406025996	2.7830690685756343	1235
125	2023-09-05T17:19:45.634Z	2.7784343692981555	-0.005364646724515865	1236
126	2023-09-05T17:19:46.871Z	-0.004040446930950514	2.7824069686788517	1237
127	2023-09-05T17:19:48.107Z	2.778103319349764	-0.006688846518081215	1236
128	2023-09-05T17:19:49.344Z	-0.0020541472406025996	2.7834001185240256	1237
129	2023-09-05T17:19:50.580Z	2.7787654192465467	-0.008344096260037848	1236
130	2023-09-05T17:19:51.817Z	-0.003709396982559232	2.782738018627243	1237
131	2023-09-05T17:19:53.052Z	2.7774412194529816	-0.008013046311646344	1235
132	2023-09-05T17:19:54.290Z	-0.0027162471373851638	2.783731168472417	1238
133	2023-09-05T17:19:55.525Z	2.776779119556199	-0.007019896466472497	1235
134	2023-09-05T17:19:56.763Z	-0.004040446930950514	2.7834001185240256	1238
135	2023-09-05T17:19:57.998Z	2.7764480696078078	-0.006357796569689711	1235
136	2023-09-05T17:19:59.235Z	-0.0023851971889938817	2.7830690685756343	1237
137	2023-09-05T17:20:00.471Z	2.7794275191433293	-0.008344096260037848	1236
138	2023-09-05T17:20:01.706Z	-0.00337834703416795	2.7830690685756343	1235
139	2023-09-05T17:20:02.941Z	2.7787654192465467	-0.007350946414863779	1235
140	2023-09-05T17:20:04.177Z	-0.0010609973954285312	2.783731168472417	1236
141	2023-09-05T17:20:05.412Z	2.778103319349764	-0.0050335967761245826	1235
142	2023-09-05T17:20:06.649Z	-0.003047297085776446	2.783731168472417	1237
143	2023-09-05T17:20:07.883Z	2.777772269401373	-0.007681996363255061	1234
144	2023-09-05T17:20:09.119Z	-0.0023851971889938817	2.782738018627243	1236
145	2023-09-05T17:20:10.354Z	2.7784343692981555	-0.009337246105211694	1235
146	2023-09-05T17:20:11.590Z	-0.0027162471373851638	2.784062218420808	1236
147	2023-09-05T17:20:12.824Z	2.778103319349764	-0.005695696672907147	1234
148	2023-09-05T17:20:14.061Z	-0.003047297085776446	2.785055368265982	1237
149	2023-09-05T17:20:15.295Z	2.7797585690917206	-0.007681996363255061	1234
150	2023-09-05T17:20:16.532Z	-0.0017230972922113175	2.7824069686788517	1237
151	2023-09-05T17:20:17.767Z	2.777772269401373	-0.007019896466472497	1235
152	2023-09-05T17:20:19.003Z	-0.0023851971889938817	2.7824069686788517	1236
153	2023-09-05T17:20:20.238Z	2.778103319349764	-0.008344096260037848	1235
154	2023-09-05T17:20:21.475Z	-0.003709396982559232	2.7843932683691994	1237
155	2023-09-05T17:20:22.709Z	2.778103319349764	-0.006026746621298429	1234
156	2023-09-05T17:20:23.946Z	-0.003709396982559232	2.782738018627243	1237
157	2023-09-05T17:20:25.181Z	2.778103319349764	-0.007019896466472497	1235
158	2023-09-05T17:20:26.418Z	-0.003709396982559232	2.7834001185240256	1237
159	2023-09-05T17:20:27.654Z	2.7771101695045903	-0.005364646724515865	1236
160	2023-09-05T17:20:28.891Z	-0.004371496879341796	2.7843932683691994	1237
161	2023-09-05T17:20:30.127Z	2.7787654192465467	-0.007350946414863779	1236
162	2023-09-05T17:20:31.364Z	-0.0020541472406025996	2.782738018627243	1237
163	2023-09-05T17:20:32.599Z	2.7787654192465467	-0.007681996363255061	1235
164	2023-09-05T17:20:33.837Z	-0.0007299474470372491	2.7834001185240256	1238
165	2023-09-05T17:20:35.073Z	2.7784343692981555	-0.007019896466472497	1236
166	2023-09-05T17:20:36.310Z	-0.0017230972922113175	2.7824069686788517	1237
167	2023-09-05T17:20:37.546Z	2.779096469194938	-0.006688846518081215	1236
168	2023-09-05T17:20:38.782Z	-0.0027162471373851638	2.7824069686788517	1236
169	2023-09-05T17:20:40.018Z	2.7774412194529816	-0.007019896466472497	1236
170	2023-09-05T17:20:41.254Z	-0.0027162471373851638	2.783731168472417	1236
171	2023-09-05T17:20:42.490Z	2.7784343692981555	-0.007681996363255061	1236
172	2023-09-05T17:20:43.727Z	-0.003047297085776446	2.7830690685756343	1237
173	2023-09-05T17:20:44.962Z	2.778103319349764	-0.006357796569689711	1235
174	2023-09-05T17:20:46.200Z	-0.0027162471373851638	2.7847243183175907	1238
175	2023-09-05T17:20:47.435Z	2.779096469194938	-0.007681996363255061	1235
176	2023-09-05T17:20:48.671Z	-0.0020541472406025996	2.782738018627243	1236
177	2023-09-05T17:20:49.907Z	2.7784343692981555	-0.007350946414863779	1236
178	2023-09-05T17:20:51.143Z	-0.003709396982559232	2.783731168472417	1236
179	2023-09-05T17:20:52.379Z	2.778103319349764	-0.006688846518081215	1236
180	2023-09-05T17:20:53.615Z	-0.004702546827733078	2.7824069686788517	1236
181	2023-09-05T17:20:54.850Z	2.7787654192465467	-0.007350946414863779	1235
182	2023-09-05T17:20:56.086Z	-0.0010609973954285312	2.7853864182143733	1236
183	2023-09-05T17:20:57.321Z	2.776779119556199	-0.009337246105211694	1235
184	2023-09-05T17:20:58.559Z	-0.0013920473438198133	2.783731168472417	1238
185	2023-09-05T17:20:59.794Z	2.7784343692981555	-0.004702546827733078	1235
186	2023-09-05T17:21:01.030Z	-0.0017230972922113175	2.7843932683691994	1236
187	2023-09-05T17:21:02.266Z	2.7774412194529816	-0.007350946414863779	1236
188	2023-09-05T17:21:03.501Z	-0.003709396982559232	2.7830690685756343	1235
189	2023-09-05T17:21:04.736Z	2.7774412194529816	-0.007019896466472497	1235
190	2023-09-05T17:21:05.972Z	-0.003709396982559232	2.7824069686788517	1236
191	2023-09-05T17:21:07.206Z	2.7771101695045903	-0.007681996363255061	1234
192	2023-09-05T17:21:08.444Z	-0.0020541472406025996	2.7843932683691994	1238
193	2023-09-05T17:21:09.678Z	2.7784343692981555	-0.009006196156820412	1234
194	2023-09-05T17:21:10.917Z	-0.003047297085776446	2.7824069686788517	1239
195	2023-09-05T17:21:12.149Z	2.7784343692981555	-0.008344096260037848	1232
196	2023-09-05T17:21:13.385Z	-0.0013920473438198133	2.784062218420808	1236
197	2023-09-05T17:21:14.621Z	2.7797585690917206	-0.008344096260037848	1236
198	2023-09-05T17:21:15.857Z	-0.003047297085776446	2.7814138188336774	1236
199	2023-09-05T17:21:17.092Z	2.777772269401373	-0.008344096260037848	1235
200	2023-09-05T17:21:18.329Z	-0.0023851971889938817	2.782738018627243	1237
201	2023-09-05T17:21:19.566Z	2.777772269401373	-0.006688846518081215	1237
202	2023-09-05T17:21:20.801Z	-0.0023851971889938817	2.783731168472417	1235
203	2023-09-05T17:21:22.036Z	2.777772269401373	-0.007019896466472497	1235
204	2023-09-05T17:21:23.273Z	-0.003709396982559232	2.7820759187304605	1237
205	2023-09-05T17:21:24.508Z	2.7784343692981555	-0.007350946414863779	1235
206	2023-09-05T17:21:25.744Z	-0.0023851971889938817	2.783731168472417	1236
207	2023-09-05T17:21:26.979Z	2.7784343692981555	-0.006357796569689711	1235
208	2023-09-05T17:21:28.215Z	-0.0020541472406025996	2.7830690685756343	1236
209	2023-09-05T17:21:29.451Z	2.777772269401373	-0.007350946414863779	1236
210	2023-09-05T17:21:30.687Z	-0.0023851971889938817	2.7834001185240256	1236
211	2023-09-05T17:21:31.921Z	2.777772269401373	-0.007681996363255061	1234
212	2023-09-05T17:21:33.158Z	-0.003047297085776446	2.7834001185240256	1237
213	2023-09-05T17:21:34.395Z	2.7784343692981555	-0.007681996363255061	1237
214	2023-09-05T17:21:35.630Z	-0.000398897498645967	2.783731168472417	1235
215	2023-09-05T17:21:36.866Z	2.780089619040112	-0.006026746621298429	1236
216	2023-09-05T17:21:38.104Z	-0.0023851971889938817	2.7830690685756343	1238
217	2023-09-05T17:21:39.338Z	2.7784343692981555	-0.006357796569689711	1234
218	2023-09-05T17:21:40.574Z	-0.0023851971889938817	2.782738018627243	1236
219	2023-09-05T17:21:41.809Z	2.7787654192465467	-0.007681996363255061	1235
220	2023-09-05T17:21:43.046Z	-0.0020541472406025996	2.783731168472417	1237
221	2023-09-05T17:21:44.281Z	2.778103319349764	-0.005695696672907147	1235
222	2023-09-05T17:21:45.519Z	-0.0017230972922113175	2.783731168472417	1238
223	2023-09-05T17:21:46.755Z	2.7774412194529816	-0.006357796569689711	1236
224	2023-09-05T17:21:47.991Z	-0.0027162471373851638	2.7834001185240256	1236
225	2023-09-05T17:21:49.226Z	2.775785969711025	-0.007019896466472497	1235
226	2023-09-05T17:21:50.464Z	-0.0023851971889938817	2.7824069686788517	1238
227	2023-09-05T17:21:51.699Z	2.7764480696078078	-0.007350946414863779	1235
228	2023-09-05T17:21:52.936Z	-0.0023851971889938817	2.783731168472417	1237
229	2023-09-05T17:21:54.170Z	2.776779119556199	-0.006357796569689711	1234
230	2023-09-05T17:21:55.406Z	-0.0020541472406025996	2.7830690685756343	1236
231	2023-09-05T17:21:56.641Z	2.778103319349764	-0.007019896466472497	1235
232	2023-09-05T17:21:57.877Z	-0.0023851971889938817	2.782738018627243	1236
233	2023-09-05T17:21:59.114Z	2.779096469194938	-0.006357796569689711	1237
234	2023-09-05T17:22:00.349Z	-0.0013920473438198133	2.784062218420808	1235
235	2023-09-05T17:22:01.585Z	2.780089619040112	-0.006357796569689711	1236
236	2023-09-05T17:22:02.822Z	-0.004040446930950514	2.7834001185240256	1237
237	2023-09-05T17:22:04.056Z	2.7774412194529816	-0.007681996363255061	1234
238	2023-09-05T17:22:05.293Z	-0.00337834703416795	2.7834001185240256	1237
239	2023-09-05T17:22:06.529Z	2.777772269401373	-0.007350946414863779	1236
240	2023-09-05T17:22:07.765Z	-0.0013920473438198133	2.7847243183175907	1236
241	2023-09-05T17:22:09.000Z	2.7787654192465467	-0.007350946414863779	1235
242	2023-09-05T17:22:10.237Z	-0.003047297085776446	2.7843932683691994	1237
243	2023-09-05T17:22:11.470Z	2.777772269401373	-0.008013046311646344	1233
244	2023-09-05T17:22:12.707Z	-0.00337834703416795	2.782738018627243	1237
245	2023-09-05T17:22:13.941Z	2.7784343692981555	-0.007019896466472497	1234
246	2023-09-05T17:22:15.178Z	-0.0027162471373851638	2.783731168472417	1237
247	2023-09-05T17:22:16.413Z	2.779096469194938	-0.006357796569689711	1235
248	2023-09-05T17:22:17.650Z	-0.003709396982559232	2.782738018627243	1237
249	2023-09-05T17:22:18.886Z	2.7797585690917206	-0.006357796569689711	1236
250	2023-09-05T17:22:20.121Z	-0.00337834703416795	2.7820759187304605	1235
251	2023-09-05T17:22:21.356Z	2.7784343692981555	-0.005695696672907147	1235
252	2023-09-05T17:22:22.594Z	-0.0023851971889938817	2.7824069686788517	1238
253	2023-09-05T17:22:23.827Z	2.7787654192465467	-0.006688846518081215	1233
254	2023-09-05T17:22:25.064Z	-0.003709396982559232	2.784062218420808	1237
255	2023-09-05T17:22:26.299Z	2.7771101695045903	-0.007681996363255061	1235
256	2023-09-05T17:22:27.535Z	-0.0027162471373851638	2.7843932683691994	1236
257	2023-09-05T17:22:28.771Z	2.7784343692981555	-0.006688846518081215	1236
258	2023-09-05T17:22:30.006Z	-0.003047297085776446	2.7843932683691994	1235
259	2023-09-05T17:22:31.241Z	2.7784343692981555	-0.008013046311646344	1235
260	2023-09-05T17:22:32.479Z	-0.003047297085776446	2.784062218420808	1238
261	2023-09-05T17:22:33.713Z	2.777772269401373	-0.007350946414863779	1234
262	2023-09-05T17:22:34.948Z	-0.0017230972922113175	2.7834001185240256	1235
263	2023-09-05T17:22:36.182Z	2.776779119556199	-0.007019896466472497	1234
264	2023-09-05T17:22:37.419Z	-0.0020541472406025996	2.7843932683691994	1237
265	2023-09-05T17:22:38.653Z	2.7774412194529816	-0.008013046311646344	1234
266	2023-09-05T17:22:39.889Z	0.0002632023981368192	2.783731168472417	1236
267	2023-09-05T17:22:41.125Z	2.780089619040112	-0.005695696672907147	1236
268	2023-09-05T17:22:42.361Z	-0.0017230972922113175	2.784062218420808	1236
269	2023-09-05T17:22:43.596Z	2.7761170196594165	-0.008013046311646344	1235
270	2023-09-05T17:22:44.832Z	-0.0027162471373851638	2.7843932683691994	1236
271	2023-09-05T17:22:46.067Z	2.7784343692981555	-0.008344096260037848	1235
272	2023-09-05T17:22:47.304Z	-0.0023851971889938817	2.7843932683691994	1237
273	2023-09-05T17:22:48.539Z	2.779096469194938	-0.006688846518081215	1235
274	2023-09-05T17:22:49.775Z	-0.0017230972922113175	2.783731168472417	1236
275	2023-09-05T17:22:51.009Z	2.778103319349764	-0.008013046311646344	1234
276	2023-09-05T17:22:52.244Z	-0.0017230972922113175	2.7834001185240256	1235
277	2023-09-05T17:22:53.479Z	2.7784343692981555	-0.007350946414863779	1235
278	2023-09-05T17:22:54.714Z	-0.0017230972922113175	2.782738018627243	1235
279	2023-09-05T17:22:55.947Z	2.779096469194938	-0.006026746621298429	1233
280	2023-09-05T17:22:57.183Z	-0.003047297085776446	2.7824069686788517	1236
281	2023-09-05T17:22:58.417Z	2.778103319349764	-0.009006196156820412	1234
282	2023-09-05T17:22:59.653Z	-0.0023851971889938817	2.7847243183175907	1236
283	2023-09-05T17:23:00.887Z	2.778103319349764	-0.006688846518081215	1234
284	2023-09-05T17:23:02.123Z	-0.0017230972922113175	2.7830690685756343	1236
285	2023-09-05T17:23:03.358Z	2.778103319349764	-0.008013046311646344	1235
286	2023-09-05T17:23:04.593Z	-0.0023851971889938817	2.7830690685756343	1235
287	2023-09-05T17:23:05.826Z	2.7771101695045903	-0.007681996363255061	1233
288	2023-09-05T17:23:07.062Z	-0.0027162471373851638	2.784062218420808	1236
289	2023-09-05T17:23:08.297Z	2.778103319349764	-0.008013046311646344	1235
290	2023-09-05T17:23:09.533Z	-0.0013920473438198133	2.782738018627243	1236
291	2023-09-05T17:23:10.768Z	2.7784343692981555	-0.006026746621298429	1235
292	2023-09-05T17:23:12.004Z	-0.003709396982559232	2.7824069686788517	1236
293	2023-09-05T17:23:13.238Z	2.778103319349764	-0.007350946414863779	1234
294	2023-09-05T17:23:14.475Z	-0.003047297085776446	2.784062218420808	1237
295	2023-09-05T17:23:15.711Z	2.778103319349764	-0.006357796569689711	1236
296	2023-09-05T17:23:16.947Z	-0.0020541472406025996	2.7830690685756343	1236
297	2023-09-05T17:23:18.184Z	2.7771101695045903	-0.007019896466472497	1237
298	2023-09-05T17:23:19.419Z	-0.00337834703416795	2.783731168472417	1235
299	2023-09-05T17:23:20.655Z	2.776779119556199	-0.006357796569689711	1236
300	2023-09-05T17:23:21.891Z	-0.0013920473438198133	2.7834001185240256	1236
301	2023-09-05T17:23:23.128Z	2.778103319349764	-0.008013046311646344	1237
302	2023-09-05T17:23:24.364Z	-0.00337834703416795	2.7830690685756343	1236
303	2023-09-05T17:23:25.600Z	2.777772269401373	-0.007681996363255061	1236
304	2023-09-05T17:23:26.836Z	-0.004371496879341796	2.7834001185240256	1236
305	2023-09-05T17:23:28.072Z	2.7794275191433293	-0.007019896466472497	1236
306	2023-09-05T17:23:29.309Z	-0.003047297085776446	2.7820759187304605	1237
307	2023-09-05T17:23:30.543Z	2.778103319349764	-0.006357796569689711	1234
308	2023-09-05T17:23:31.781Z	-0.0023851971889938817	2.784062218420808	1238
309	2023-09-05T17:23:33.016Z	2.7784343692981555	-0.008344096260037848	1235
310	2023-09-05T17:23:34.252Z	-0.0023851971889938817	2.784062218420808	1236
311	2023-09-05T17:23:35.488Z	2.7784343692981555	-0.005695696672907147	1236
312	2023-09-05T17:23:36.725Z	-0.0013920473438198133	2.7830690685756343	1237
313	2023-09-05T17:23:37.961Z	2.778103319349764	-0.007681996363255061	1236
314	2023-09-05T17:23:39.199Z	-0.0027162471373851638	2.7830690685756343	1238
315	2023-09-05T17:23:40.435Z	2.7787654192465467	-0.008013046311646344	1236
316	2023-09-05T17:23:41.673Z	-0.00337834703416795	2.7834001185240256	1238
317	2023-09-05T17:23:42.907Z	2.7774412194529816	-0.006688846518081215	1234
318	2023-09-05T17:23:44.144Z	-0.0020541472406025996	2.782738018627243	1237
319	2023-09-05T17:23:45.379Z	2.777772269401373	-0.008013046311646344	1235
320	2023-09-05T17:23:46.616Z	-0.0017230972922113175	2.782738018627243	1237
321	2023-09-05T17:23:47.852Z	2.778103319349764	-0.005695696672907147	1236
322	2023-09-05T17:23:49.090Z	-0.0020541472406025996	2.783731168472417	1238
323	2023-09-05T17:23:50.324Z	2.778103319349764	-0.005695696672907147	1234
324	2023-09-05T17:23:51.560Z	-0.00337834703416795	2.782738018627243	1236
325	2023-09-05T17:23:52.796Z	2.778103319349764	-0.007350946414863779	1236
326	2023-09-05T17:23:54.031Z	-0.0010609973954285312	2.7847243183175907	1235
327	2023-09-05T17:23:55.266Z	2.777772269401373	-0.007350946414863779	1235
328	2023-09-05T17:23:56.502Z	-0.0023851971889938817	2.7820759187304605	1236
329	2023-09-05T17:23:57.738Z	2.7764480696078078	-0.007019896466472497	1236
330	2023-09-05T17:23:58.976Z	-0.0027162471373851638	2.7824069686788517	1238
331	2023-09-05T17:24:00.211Z	2.7771101695045903	-0.008013046311646344	1235
332	2023-09-05T17:24:01.448Z	-0.0027162471373851638	2.783731168472417	1237
333	2023-09-05T17:24:02.684Z	2.7784343692981555	-0.00867514620842913	1236
334	2023-09-05T17:24:03.922Z	-0.004702546827733078	2.785055368265982	1238
335	2023-09-05T17:24:05.156Z	2.778103319349764	-0.009337246105211694	1234
336	2023-09-05T17:24:06.396Z	-0.0017230972922113175	2.7847243183175907	1240
337	2023-09-05T17:24:07.629Z	2.7771101695045903	-0.008013046311646344	1233
338	2023-09-05T17:24:08.866Z	-0.003709396982559232	2.7857174681627646	1237
339	2023-09-05T17:24:10.101Z	2.7774412194529816	-0.006688846518081215	1235
340	2023-09-05T17:24:11.338Z	-0.0050335967761245826	2.7834001185240256	1237
341	2023-09-05T17:24:12.574Z	2.7774412194529816	-0.006357796569689711	1236
342	2023-09-05T17:24:13.810Z	-0.0013920473438198133	2.7847243183175907	1236
343	2023-09-05T17:24:15.045Z	2.779096469194938	-0.006688846518081215	1235
344	2023-09-05T17:24:16.281Z	-0.0017230972922113175	2.783731168472417	1236
345	2023-09-05T17:24:17.515Z	2.778103319349764	-0.006357796569689711	1234
346	2023-09-05T17:24:18.751Z	-0.00006784755025468492	2.783731168472417	1236
347	2023-09-05T17:24:19.986Z	2.7784343692981555	-0.007019896466472497	1235
348	2023-09-05T17:24:21.222Z	-0.0020541472406025996	2.786048518111156	1236
349	2023-09-05T17:24:22.459Z	2.7794275191433293	-0.007681996363255061	1237
350	2023-09-05T17:24:23.695Z	-0.0013920473438198133	2.785055368265982	1236
351	2023-09-05T17:24:24.931Z	2.775454919762634	-0.007350946414863779	1236
352	2023-09-05T17:24:26.167Z	-0.0017230972922113175	2.783731168472417	1236
353	2023-09-05T17:24:27.402Z	2.780089619040112	-0.006357796569689711	1235
354	2023-09-05T17:24:28.639Z	-0.0027162471373851638	2.784062218420808	1237
355	2023-09-05T17:24:29.876Z	2.778103319349764	-0.006688846518081215	1237
356	2023-09-05T17:24:31.111Z	-0.0027162471373851638	2.782738018627243	1235
357	2023-09-05T17:24:32.346Z	2.7787654192465467	-0.007350946414863779	1235
358	2023-09-05T17:24:33.582Z	-0.0023851971889938817	2.7847243183175907	1236
359	2023-09-05T17:24:34.817Z	2.777772269401373	-0.006357796569689711	1235
360	2023-09-05T17:24:36.055Z	-0.003047297085776446	2.783731168472417	1238
361	2023-09-05T17:24:37.290Z	2.777772269401373	-0.008013046311646344	1235
362	2023-09-05T17:24:38.526Z	-0.0010609973954285312	2.7847243183175907	1236
363	2023-09-05T17:24:39.761Z	2.7771101695045903	-0.007350946414863779	1235
364	2023-09-05T17:24:40.999Z	-0.003709396982559232	2.7834001185240256	1238
365	2023-09-05T17:24:42.234Z	2.777772269401373	-0.007681996363255061	1235
366	2023-09-05T17:24:43.472Z	-0.0023851971889938817	2.7830690685756343	1238
367	2023-09-05T17:24:44.713Z	2.7784343692981555	-0.007350946414863779	1241
368	2023-09-05T17:24:45.942Z	-0.0017230972922113175	2.7847243183175907	1229
369	2023-09-05T17:24:47.177Z	2.7774412194529816	-0.008013046311646344	1235
370	2023-09-05T17:24:48.414Z	-0.0020541472406025996	2.7853864182143733	1237
371	2023-09-05T17:24:49.650Z	2.7797585690917206	-0.007019896466472497	1236
372	2023-09-05T17:24:50.887Z	-0.0017230972922113175	2.7843932683691994	1237
373	2023-09-05T17:24:52.122Z	2.779096469194938	-0.007350946414863779	1235
374	2023-09-05T17:24:53.359Z	-0.0017230972922113175	2.7820759187304605	1237
375	2023-09-05T17:24:54.594Z	2.778103319349764	-0.008344096260037848	1235
376	2023-09-05T17:24:55.831Z	-0.0017230972922113175	2.7853864182143733	1237
377	2023-09-05T17:24:57.066Z	2.778103319349764	-0.006688846518081215	1235
378	2023-09-05T17:24:58.302Z	-0.0020541472406025996	2.7830690685756343	1236
379	2023-09-05T17:24:59.538Z	2.779096469194938	-0.007350946414863779	1236
380	2023-09-05T17:25:00.773Z	-0.003047297085776446	2.7847243183175907	1235
381	2023-09-05T17:25:02.008Z	2.777772269401373	-0.007350946414863779	1235
382	2023-09-05T17:25:03.245Z	-0.0027162471373851638	2.7824069686788517	1237
383	2023-09-05T17:25:04.478Z	2.776779119556199	-0.006688846518081215	1233
384	2023-09-05T17:25:05.714Z	-0.0027162471373851638	2.783731168472417	1236
385	2023-09-05T17:25:06.948Z	2.7784343692981555	-0.006688846518081215	1234
386	2023-09-05T17:25:08.184Z	-0.0027162471373851638	2.7830690685756343	1236
387	2023-09-05T17:25:09.419Z	2.7784343692981555	-0.007350946414863779	1235
388	2023-09-05T17:25:10.655Z	-0.0013920473438198133	2.782738018627243	1236
389	2023-09-05T17:25:11.891Z	2.780751718936895	-0.007350946414863779	1236
390	2023-09-05T17:25:13.128Z	-0.0020541472406025996	2.7853864182143733	1237
391	2023-09-05T17:25:14.363Z	2.777772269401373	-0.0050335967761245826	1235
392	2023-09-05T17:25:15.600Z	-0.0013920473438198133	2.782738018627243	1237
393	2023-09-05T17:25:16.836Z	2.7784343692981555	-0.006688846518081215	1236
394	2023-09-05T17:25:18.072Z	-0.0023851971889938817	2.7820759187304605	1236
395	2023-09-05T17:25:19.307Z	2.7771101695045903	-0.007681996363255061	1235
396	2023-09-05T17:25:20.542Z	-0.003047297085776446	2.7820759187304605	1235
397	2023-09-05T17:25:21.777Z	2.7784343692981555	-0.007019896466472497	1235
398	2023-09-05T17:25:23.013Z	-0.0027162471373851638	2.783731168472417	1236
399	2023-09-05T17:25:24.248Z	2.7771101695045903	-0.006688846518081215	1235
400	2023-09-05T17:25:25.485Z	-0.003709396982559232	2.7843932683691994	1237
401	2023-09-05T17:25:26.718Z	2.7784343692981555	-0.007019896466472497	1233
402	2023-09-05T17:25:27.956Z	-0.003047297085776446	2.7824069686788517	1238
403	2023-09-05T17:25:29.189Z	2.7774412194529816	-0.007350946414863779	1233
404	2023-09-05T17:25:30.426Z	-0.0020541472406025996	2.7843932683691994	1237
405	2023-09-05T17:25:31.658Z	2.7774412194529816	-0.006026746621298429	1232
406	2023-09-05T17:25:32.894Z	-0.0017230972922113175	2.7847243183175907	1236
407	2023-09-05T17:25:34.129Z	2.7771101695045903	-0.008013046311646344	1235
408	2023-09-05T17:25:35.366Z	-0.0023851971889938817	2.7834001185240256	1237
409	2023-09-05T17:25:36.600Z	2.776779119556199	-0.007019896466472497	1234
410	2023-09-05T17:25:37.836Z	-0.0020541472406025996	2.784062218420808	1236
411	2023-09-05T17:25:39.071Z	2.778103319349764	-0.006357796569689711	1235
412	2023-09-05T17:25:40.308Z	-0.003047297085776446	2.7834001185240256	1237
413	2023-09-05T17:25:41.542Z	2.7784343692981555	-0.00867514620842913	1234
414	2023-09-05T17:25:42.779Z	-0.0023851971889938817	2.782738018627243	1237
415	2023-09-05T17:25:44.011Z	2.7774412194529816	-0.006688846518081215	1232
416	2023-09-05T17:25:45.248Z	-0.003709396982559232	2.7817448687820687	1237
417	2023-09-05T17:25:46.483Z	2.7764480696078078	-0.006688846518081215	1235
418	2023-09-05T17:25:47.721Z	-0.0020541472406025996	2.7847243183175907	1238
419	2023-09-05T17:25:48.953Z	2.780089619040112	-0.008344096260037848	1232
420	2023-09-05T17:25:50.187Z	-0.0027162471373851638	2.7834001185240256	1234
421	2023-09-05T17:25:51.422Z	2.7784343692981555	-0.008013046311646344	1235
422	2023-09-05T17:25:52.659Z	-0.0017230972922113175	2.785055368265982	1237
423	2023-09-05T17:25:53.892Z	2.7774412194529816	-0.007681996363255061	1233
424	2023-09-05T17:25:55.129Z	-0.00337834703416795	2.7830690685756343	1237
425	2023-09-05T17:25:56.363Z	2.7787654192465467	-0.006357796569689711	1234
426	2023-09-05T17:25:57.599Z	-0.0023851971889938817	2.784062218420808	1236
427	2023-09-05T17:25:58.833Z	2.7764480696078078	-0.005695696672907147	1234
428	2023-09-05T17:26:00.070Z	-0.0010609973954285312	2.7843932683691994	1237
429	2023-09-05T17:26:01.304Z	2.7787654192465467	-0.007019896466472497	1234
430	2023-09-05T17:26:02.539Z	-0.0013920473438198133	2.783731168472417	1235
431	2023-09-05T17:26:03.774Z	2.777772269401373	-0.007350946414863779	1235
432	2023-09-05T17:26:05.010Z	-0.004040446930950514	2.7830690685756343	1236
433	2023-09-05T17:26:06.245Z	2.7794275191433293	-0.007019896466472497	1235
434	2023-09-05T17:26:07.480Z	-0.0010609973954285312	2.7830690685756343	1235
435	2023-09-05T17:26:08.714Z	2.779096469194938	-0.005695696672907147	1234
436	2023-09-05T17:26:09.950Z	-0.0023851971889938817	2.7830690685756343	1236
437	2023-09-05T17:26:11.186Z	2.7784343692981555	-0.005695696672907147	1236
438	2023-09-05T17:26:12.422Z	-0.0010609973954285312	2.784062218420808	1236
439	2023-09-05T17:26:13.656Z	2.777772269401373	-0.007681996363255061	1234
440	2023-09-05T17:26:14.892Z	-0.0023851971889938817	2.7843932683691994	1236
441	2023-09-05T17:26:16.127Z	2.7774412194529816	-0.00867514620842913	1235
442	2023-09-05T17:26:17.364Z	-0.0020541472406025996	2.7843932683691994	1237
443	2023-09-05T17:26:18.598Z	2.7771101695045903	-0.007350946414863779	1234
444	2023-09-05T17:26:19.834Z	-0.00337834703416795	2.7830690685756343	1236
445	2023-09-05T17:26:21.069Z	2.7784343692981555	-0.007019896466472497	1235
446	2023-09-05T17:26:22.306Z	-0.0023851971889938817	2.7843932683691994	1237
447	2023-09-05T17:26:23.539Z	2.776779119556199	-0.005695696672907147	1233
448	2023-09-05T17:26:24.774Z	-0.0017230972922113175	2.7834001185240256	1235
449	2023-09-05T17:26:26.009Z	2.777772269401373	-0.006357796569689711	1235
450	2023-09-05T17:26:27.245Z	-0.0023851971889938817	2.785055368265982	1236
451	2023-09-05T17:26:28.480Z	2.7794275191433293	-0.006357796569689711	1235
452	2023-09-05T17:26:29.716Z	-0.0023851971889938817	2.783731168472417	1236
453	2023-09-05T17:26:30.951Z	2.7787654192465467	-0.007019896466472497	1235
454	2023-09-05T17:26:32.187Z	-0.0017230972922113175	2.784062218420808	1236
455	2023-09-05T17:26:33.423Z	2.7784343692981555	-0.006026746621298429	1236
456	2023-09-05T17:26:34.661Z	-0.003047297085776446	2.7830690685756343	1238
457	2023-09-05T17:26:35.895Z	2.7787654192465467	-0.007681996363255061	1234
458	2023-09-05T17:26:37.133Z	-0.00337834703416795	2.7843932683691994	1238
459	2023-09-05T17:26:38.367Z	2.7771101695045903	-0.006688846518081215	1234
460	2023-09-05T17:26:39.604Z	-0.00337834703416795	2.782738018627243	1237
461	2023-09-05T17:26:40.839Z	2.7771101695045903	-0.006357796569689711	1235
462	2023-09-05T17:26:42.075Z	-0.0020541472406025996	2.7824069686788517	1236
463	2023-09-05T17:26:43.309Z	2.777772269401373	-0.007681996363255061	1234
464	2023-09-05T17:26:44.546Z	-0.0020541472406025996	2.7834001185240256	1237
465	2023-09-05T17:26:45.781Z	2.7794275191433293	-0.006026746621298429	1235
466	2023-09-05T17:26:47.018Z	-0.0023851971889938817	2.7830690685756343	1237
467	2023-09-05T17:26:48.252Z	2.7774412194529816	-0.006357796569689711	1234
468	2023-09-05T17:26:49.488Z	-0.0027162471373851638	2.7820759187304605	1236
469	2023-09-05T17:26:50.723Z	2.775454919762634	-0.007019896466472497	1235
470	2023-09-05T17:26:51.959Z	-0.00337834703416795	2.7847243183175907	1236
471	2023-09-05T17:26:53.193Z	2.777772269401373	-0.007350946414863779	1234
472	2023-09-05T17:26:54.429Z	-0.0027162471373851638	2.782738018627243	1236
473	2023-09-05T17:26:55.664Z	2.7804206689885036	-0.007681996363255061	1235
474	2023-09-05T17:26:56.899Z	-0.0023851971889938817	2.7830690685756343	1235
475	2023-09-05T17:26:58.133Z	2.7764480696078078	-0.009337246105211694	1234
476	2023-09-05T17:26:59.369Z	-0.003047297085776446	2.7843932683691994	1236
477	2023-09-05T17:27:00.604Z	2.7771101695045903	-0.008013046311646344	1235
478	2023-09-05T17:27:01.840Z	-0.003047297085776446	2.784062218420808	1236
479	2023-09-05T17:27:03.075Z	2.7771101695045903	-0.005695696672907147	1235
480	2023-09-05T17:27:04.312Z	-0.0023851971889938817	2.783731168472417	1237
481	2023-09-05T17:27:05.547Z	2.7787654192465467	-0.006026746621298429	1235
482	2023-09-05T17:27:06.783Z	-0.004040446930950514	2.784062218420808	1236
483	2023-09-05T17:27:08.018Z	2.7784343692981555	-0.007350946414863779	1235
484	2023-09-05T17:27:09.253Z	-0.003047297085776446	2.7830690685756343	1235
485	2023-09-05T17:27:10.489Z	2.7784343692981555	-0.009006196156820412	1236
486	2023-09-05T17:27:11.724Z	-0.0027162471373851638	2.7847243183175907	1235
487	2023-09-05T17:27:12.960Z	2.779096469194938	-0.006357796569689711	1236
488	2023-09-05T17:27:14.196Z	-0.00337834703416795	2.7820759187304605	1236
489	2023-09-05T17:27:15.430Z	2.778103319349764	-0.006026746621298429	1234
490	2023-09-05T17:27:16.666Z	-0.0010609973954285312	2.7843932683691994	1236
491	2023-09-05T17:27:17.900Z	2.777772269401373	-0.005364646724515865	1234
492	2023-09-05T17:27:19.139Z	-0.0023851971889938817	2.7834001185240256	1239
493	2023-09-05T17:27:20.370Z	2.777772269401373	-0.007350946414863779	1231
494	2023-09-05T17:27:21.608Z	-0.003709396982559232	2.784062218420808	1238
495	2023-09-05T17:27:22.841Z	2.778103319349764	-0.007019896466472497	1233
496	2023-09-05T17:27:24.075Z	-0.00337834703416795	2.7820759187304605	1234
497	2023-09-05T17:27:25.309Z	2.7797585690917206	-0.007350946414863779	1234
498	2023-09-05T17:27:26.544Z	-0.003047297085776446	2.785055368265982	1235
499	2023-09-05T17:27:27.779Z	2.7771101695045903	-0.008013046311646344	1235
500	2023-09-05T17:27:29.014Z	-0.003709396982559232	2.7834001185240256	1235
501	2023-09-05T17:27:30.250Z	2.7797585690917206	-0.006026746621298429	1236
502	2023-09-05T17:27:31.484Z	-0.003709396982559232	2.7834001185240256	1234
503	2023-09-05T17:27:32.719Z	2.776779119556199	-0.007350946414863779	1235
504	2023-09-05T17:27:33.954Z	-0.003709396982559232	2.7817448687820687	1235
505	2023-09-05T17:27:35.188Z	2.7787654192465467	-0.007350946414863779	1234
506	2023-09-05T17:27:36.425Z	-0.0010609973954285312	2.784062218420808	1237
507	2023-09-05T17:27:37.659Z	2.780089619040112	-0.007350946414863779	1234
508	2023-09-05T17:27:38.894Z	-0.004040446930950514	2.7843932683691994	1235
509	2023-09-05T17:27:40.129Z	2.7787654192465467	-0.006026746621298429	1235
510	2023-09-05T17:27:41.367Z	-0.003709396982559232	2.7853864182143733	1238
511	2023-09-05T17:27:42.601Z	2.7784343692981555	-0.007019896466472497	1234
512	2023-09-05T17:27:43.837Z	-0.0020541472406025996	2.784062218420808	1236
513	2023-09-05T17:27:45.073Z	2.7797585690917206	-0.007019896466472497	1236
514	2023-09-05T17:27:46.309Z	-0.00337834703416795	2.7830690685756343	1236
515	2023-09-05T17:27:47.543Z	2.7797585690917206	-0.008344096260037848	1234
516	2023-09-05T17:27:48.779Z	-0.00337834703416795	2.7830690685756343	1236
517	2023-09-05T17:27:50.013Z	2.7774412194529816	-0.007019896466472497	1234
518	2023-09-05T17:27:51.248Z	-0.003709396982559232	2.783731168472417	1235
519	2023-09-05T17:27:52.482Z	2.7774412194529816	-0.005364646724515865	1234
520	2023-09-05T17:27:53.718Z	-0.00337834703416795	2.7834001185240256	1236
521	2023-09-05T17:27:54.953Z	2.779096469194938	-0.006357796569689711	1235
522	2023-09-05T17:27:56.188Z	-0.0023851971889938817	2.782738018627243	1235
523	2023-09-05T17:27:57.423Z	2.778103319349764	-0.006357796569689711	1235
524	2023-09-05T17:27:58.658Z	-0.0023851971889938817	2.7830690685756343	1235
525	2023-09-05T17:27:59.892Z	2.7784343692981555	-0.007350946414863779	1234
526	2023-09-05T17:28:01.127Z	-0.0027162471373851638	2.7824069686788517	1235
527	2023-09-05T17:28:02.361Z	2.7784343692981555	-0.007350946414863779	1234
528	2023-09-05T17:28:03.597Z	-0.0020541472406025996	2.7824069686788517	1236
529	2023-09-05T17:28:04.833Z	2.779096469194938	-0.006688846518081215	1236
530	2023-09-05T17:28:06.067Z	-0.0017230972922113175	2.783731168472417	1234
531	2023-09-05T17:28:07.300Z	2.778103319349764	-0.006026746621298429	1233
532	2023-09-05T17:28:08.537Z	-0.0020541472406025996	2.7843932683691994	1237
533	2023-09-05T17:28:09.770Z	2.780089619040112	-0.006026746621298429	1233
534	2023-09-05T17:28:11.008Z	-0.0027162471373851638	2.7824069686788517	1238
535	2023-09-05T17:28:12.241Z	2.7784343692981555	-0.006357796569689711	1233
536	2023-09-05T17:28:13.477Z	-0.003047297085776446	2.7843932683691994	1236
537	2023-09-05T17:28:14.711Z	2.778103319349764	-0.00867514620842913	1234
538	2023-09-05T17:28:15.947Z	-0.0027162471373851638	2.7834001185240256	1236
539	2023-09-05T17:28:17.181Z	2.7774412194529816	-0.007019896466472497	1234
540	2023-09-05T17:28:18.419Z	-0.0013920473438198133	2.785055368265982	1238
541	2023-09-05T17:28:19.653Z	2.778103319349764	-0.006688846518081215	1234
542	2023-09-05T17:28:20.889Z	-0.0023851971889938817	2.7824069686788517	1236
543	2023-09-05T17:28:22.125Z	2.7787654192465467	-0.008344096260037848	1236
544	2023-09-05T17:28:23.361Z	-0.003047297085776446	2.7824069686788517	1236
545	2023-09-05T17:28:24.595Z	2.7784343692981555	-0.009006196156820412	1234
546	2023-09-05T17:28:25.831Z	-0.004040446930950514	2.782738018627243	1236
547	2023-09-05T17:28:27.066Z	2.778103319349764	-0.007681996363255061	1235
548	2023-09-05T17:28:28.301Z	-0.004371496879341796	2.7843932683691994	1235
549	2023-09-05T17:28:29.536Z	2.7771101695045903	-0.007350946414863779	1235
550	2023-09-05T17:28:30.771Z	-0.0013920473438198133	2.7834001185240256	1235
551	2023-09-05T17:28:32.007Z	2.778103319349764	-0.006688846518081215	1236
552	2023-09-05T17:28:33.242Z	-0.0013920473438198133	2.782738018627243	1235
553	2023-09-05T17:28:34.477Z	2.778103319349764	-0.006688846518081215	1235
554	2023-09-05T17:28:35.713Z	-0.0017230972922113175	2.7834001185240256	1236
555	2023-09-05T17:28:36.948Z	2.7784343692981555	-0.007350946414863779	1235
556	2023-09-05T17:28:38.186Z	-0.00337834703416795	2.7817448687820687	1238
557	2023-09-05T17:28:39.419Z	2.778103319349764	-0.007681996363255061	1233
558	2023-09-05T17:28:40.654Z	-0.0020541472406025996	2.7834001185240256	1235
559	2023-09-05T17:28:41.889Z	2.7771101695045903	-0.006357796569689711	1235
560	2023-09-05T17:28:43.126Z	-0.003709396982559232	2.783731168472417	1237
561	2023-09-05T17:28:44.360Z	2.7794275191433293	-0.008013046311646344	1234
562	2023-09-05T17:28:45.595Z	-0.0020541472406025996	2.782738018627243	1235
563	2023-09-05T17:28:46.832Z	2.778103319349764	-0.008013046311646344	1237
564	2023-09-05T17:28:48.066Z	-0.0013920473438198133	2.784062218420808	1234
565	2023-09-05T17:28:49.301Z	2.780089619040112	-0.007350946414863779	1235
566	2023-09-05T17:28:50.538Z	-0.003047297085776446	2.7824069686788517	1237
567	2023-09-05T17:28:51.772Z	2.776779119556199	-0.006357796569689711	1234
568	2023-09-05T17:28:53.008Z	-0.003709396982559232	2.7824069686788517	1236
569	2023-09-05T17:28:54.243Z	2.777772269401373	-0.007681996363255061	1235
570	2023-09-05T17:28:55.479Z	-0.004371496879341796	2.7830690685756343	1236
571	2023-09-05T17:28:56.714Z	2.776779119556199	-0.006357796569689711	1235
572	2023-09-05T17:28:57.951Z	-0.0017230972922113175	2.783731168472417	1237
573	2023-09-05T17:28:59.185Z	2.776779119556199	-0.007681996363255061	1234
574	2023-09-05T17:29:00.421Z	-0.003047297085776446	2.7834001185240256	1236
575	2023-09-05T17:29:01.657Z	2.7774412194529816	-0.006026746621298429	1236
576	2023-09-05T17:29:02.892Z	-0.00337834703416795	2.7847243183175907	1235
577	2023-09-05T17:29:04.129Z	2.779096469194938	-0.00867514620842913	1237
578	2023-09-05T17:29:05.364Z	-0.0013920473438198133	2.7847243183175907	1235
579	2023-09-05T17:29:06.600Z	2.777772269401373	-0.006026746621298429	1236
580	2023-09-05T17:29:07.836Z	-0.0027162471373851638	2.7847243183175907	1236
581	2023-09-05T17:29:09.071Z	2.7774412194529816	-0.005695696672907147	1235
582	2023-09-05T17:29:10.306Z	-0.0020541472406025996	2.7830690685756343	1235
583	2023-09-05T17:29:11.541Z	2.7787654192465467	-0.007681996363255061	1235
584	2023-09-05T17:29:12.778Z	-0.0023851971889938817	2.782738018627243	1237
585	2023-09-05T17:29:14.013Z	2.778103319349764	-0.006357796569689711	1235
586	2023-09-05T17:29:15.248Z	-0.0027162471373851638	2.7830690685756343	1235
587	2023-09-05T17:29:16.485Z	2.776779119556199	-0.007019896466472497	1237
588	2023-09-05T17:29:17.721Z	-0.00337834703416795	2.783731168472417	1236
589	2023-09-05T17:29:18.956Z	2.7797585690917206	-0.005364646724515865	1235
590	2023-09-05T17:29:20.193Z	-0.0023851971889938817	2.783731168472417	1237
591	2023-09-05T17:29:21.429Z	2.7774412194529816	-0.007681996363255061	1236
592	2023-09-05T17:29:22.667Z	-0.003709396982559232	2.7830690685756343	1238
593	2023-09-05T17:29:23.901Z	2.7764480696078078	-0.006357796569689711	1234
594	2023-09-05T17:29:25.138Z	-0.0027162471373851638	2.784062218420808	1237
595	2023-09-05T17:29:26.372Z	2.7771101695045903	-0.007681996363255061	1234
596	2023-09-05T17:29:27.608Z	-0.0027162471373851638	2.7824069686788517	1236
597	2023-09-05T17:29:28.843Z	2.777772269401373	-0.007350946414863779	1235
598	2023-09-05T17:29:30.079Z	-0.0017230972922113175	2.784062218420808	1236
599	2023-09-05T17:29:31.315Z	2.779096469194938	-0.008344096260037848	1236
600	2023-09-05T17:29:32.551Z	-0.0013920473438198133	2.782738018627243	1236
