0	2023-09-05T22:35:58.556Z	2.8039252153242877	-0.005695696672907147
1	2023-09-05T22:35:59.836Z	-0.000398897498645967	2.8065736149114184	1280
2	2023-09-05T22:36:01.114Z	2.80193891563394	-0.0050335967761245826	1278
3	2023-09-05T22:36:02.396Z	-0.0013920473438198133	2.8085599146017666	1282
4	2023-09-05T22:36:03.674Z	2.8026010155307226	-0.005695696672907147	1278
5	2023-09-05T22:36:04.955Z	-0.00006784755025468492	2.8045873152210703	1281
6	2023-09-05T22:36:06.234Z	2.801276815737157	-0.006357796569689711	1279
7	2023-09-05T22:36:07.515Z	0.0002632023981368192	2.8065736149114184	1281
8	2023-09-05T22:36:08.794Z	2.801276815737157	-0.005695696672907147	1279
9	2023-09-05T22:36:10.075Z	-0.0013920473438198133	2.8065736149114184	1281
10	2023-09-05T22:36:11.355Z	2.8045873152210703	-0.005695696672907147	1280
11	2023-09-05T22:36:12.635Z	-0.0010609973954285312	2.809222014498549	1280
12	2023-09-05T22:36:13.915Z	2.8035941653758965	-0.006688846518081215	1280
13	2023-09-05T22:36:15.196Z	-0.0013920473438198133	2.8062425649630267	1281
14	2023-09-05T22:36:16.476Z	2.802932065479114	-0.007019896466472497	1280
15	2023-09-05T22:36:17.757Z	-0.0010609973954285312	2.8069046648598097	1281
16	2023-09-05T22:36:19.039Z	2.80193891563394	-0.006688846518081215	1282
17	2023-09-05T22:36:20.320Z	-0.0010609973954285312	2.807235714808201	1281
18	2023-09-05T22:36:21.601Z	2.8026010155307226	-0.006688846518081215	1281
19	2023-09-05T22:36:22.883Z	-0.0007299474470372491	2.8069046648598097	1282
20	2023-09-05T22:36:24.164Z	2.8016078656855488	-0.006688846518081215	1281
21	2023-09-05T22:36:25.446Z	-0.0010609973954285312	2.8078978147049836	1282
22	2023-09-05T22:36:26.728Z	2.8022699655823313	-0.007350946414863779	1282
23	2023-09-05T22:36:28.010Z	-0.0010609973954285312	2.8078978147049836	1282
24	2023-09-05T22:36:29.290Z	2.8026010155307226	-0.006688846518081215	1280
25	2023-09-05T22:36:30.572Z	-0.0020541472406025996	2.807235714808201	1282
26	2023-09-05T22:36:31.853Z	2.8016078656855488	-0.007350946414863779	1281
27	2023-09-05T22:36:33.133Z	-0.0020541472406025996	2.8065736149114184	1280
28	2023-09-05T22:36:34.413Z	2.80193891563394	-0.005364646724515865	1280
29	2023-09-05T22:36:35.695Z	-0.0023851971889938817	2.805249415117853	1282
30	2023-09-05T22:36:36.975Z	2.800283665891983	-0.004040446930950514	1280
31	2023-09-05T22:36:38.256Z	-0.0010609973954285312	2.8078978147049836	1281
32	2023-09-05T22:36:39.536Z	2.8026010155307226	-0.004371496879341796	1280
33	2023-09-05T22:36:40.818Z	-0.0007299474470372491	2.8078978147049836	1282
34	2023-09-05T22:36:42.098Z	2.80193891563394	-0.006026746621298429	1280
35	2023-09-05T22:36:43.379Z	-0.0010609973954285312	2.8065736149114184	1281
36	2023-09-05T22:36:44.659Z	2.8026010155307226	-0.006026746621298429	1280
37	2023-09-05T22:36:45.940Z	-0.0017230972922113175	2.8078978147049836	1281
38	2023-09-05T22:36:47.221Z	2.80193891563394	-0.007350946414863779	1281
39	2023-09-05T22:36:48.500Z	-0.0017230972922113175	2.8082288646533753	1279
40	2023-09-05T22:36:49.779Z	2.8009457657887658	-0.006357796569689711	1279
41	2023-09-05T22:36:51.057Z	-0.0013920473438198133	2.805580465066244	1278
42	2023-09-05T22:36:52.337Z	2.8022699655823313	-0.008344096260037848	1280
43	2023-09-05T22:36:53.616Z	-0.0010609973954285312	2.807235714808201	1279
44	2023-09-05T22:36:54.895Z	2.804256265272679	-0.0050335967761245826	1279
45	2023-09-05T22:36:56.175Z	-0.0017230972922113175	2.8082288646533753	1280
46	2023-09-05T22:36:57.452Z	2.8022699655823313	-0.005695696672907147	1277
47	2023-09-05T22:36:58.732Z	-0.0017230972922113175	2.8049183651694616	1280
48	2023-09-05T22:37:00.012Z	2.8026010155307226	-0.006357796569689711	1280
49	2023-09-05T22:37:01.296Z	-0.0010609973954285312	2.805580465066244	1284
50	2023-09-05T22:37:02.575Z	2.8006147158403745	-0.005364646724515865	1279
51	2023-09-05T22:37:03.856Z	-0.000398897498645967	2.8082288646533753	1281
52	2023-09-05T22:37:05.137Z	2.803263115427505	-0.007019896466472497	1281
53	2023-09-05T22:37:06.420Z	-0.0023851971889938817	2.809222014498549	1283
54	2023-09-05T22:37:07.700Z	2.8009457657887658	-0.004371496879341796	1280
55	2023-09-05T22:37:08.983Z	-0.003047297085776446	2.8065736149114184	1283
56	2023-09-05T22:37:10.264Z	2.8022699655823313	-0.007681996363255061	1281
57	2023-09-05T22:37:11.546Z	-0.0017230972922113175	2.807235714808201	1282
58	2023-09-05T22:37:12.826Z	2.803263115427505	-0.004371496879341796	1280
59	2023-09-05T22:37:14.108Z	-0.0017230972922113175	2.8069046648598097	1282
60	2023-09-05T22:37:15.387Z	2.80193891563394	-0.006688846518081215	1279
61	2023-09-05T22:37:16.671Z	-0.0013920473438198133	2.8062425649630267	1284
62	2023-09-05T22:37:17.951Z	2.801276815737157	-0.007019896466472497	1280
63	2023-09-05T22:37:19.234Z	-0.003047297085776446	2.8049183651694616	1283
64	2023-09-05T22:37:20.514Z	2.8035941653758965	-0.006688846518081215	1280
65	2023-09-05T22:37:21.797Z	-0.0020541472406025996	2.8069046648598097	1283
66	2023-09-05T22:37:23.080Z	2.803263115427505	-0.007019896466472497	1283
67	2023-09-05T22:37:24.362Z	-0.000398897498645967	2.8065736149114184	1282
68	2023-09-05T22:37:25.645Z	2.8022699655823313	-0.006026746621298429	1283
69	2023-09-05T22:37:26.928Z	-0.0007299474470372491	2.8062425649630267	1283
70	2023-09-05T22:37:28.212Z	2.801276815737157	-0.007681996363255061	1284
71	2023-09-05T22:37:29.496Z	-0.0020541472406025996	2.8082288646533753	1284
72	2023-09-05T22:37:30.777Z	2.8035941653758965	-0.006357796569689711	1281
73	2023-09-05T22:37:32.062Z	-0.0020541472406025996	2.8069046648598097	1285
74	2023-09-05T22:37:33.344Z	2.80193891563394	-0.006688846518081215	1282
75	2023-09-05T22:37:34.630Z	-0.000398897498645967	2.8062425649630267	1286
76	2023-09-05T22:37:35.911Z	2.80193891563394	-0.007350946414863779	1281
77	2023-09-05T22:37:37.196Z	-0.0017230972922113175	2.8069046648598097	1285
78	2023-09-05T22:37:38.477Z	2.8022699655823313	-0.007019896466472497	1281
79	2023-09-05T22:37:39.761Z	-0.003047297085776446	2.8065736149114184	1284
80	2023-09-05T22:37:41.045Z	2.801276815737157	-0.006026746621298429	1284
81	2023-09-05T22:37:42.327Z	-0.004702546827733078	2.8059115150146354	1282
82	2023-09-05T22:37:43.609Z	2.80193891563394	-0.0050335967761245826	1282
83	2023-09-05T22:37:44.892Z	-0.0007299474470372491	2.8065736149114184	1283
84	2023-09-05T22:37:46.175Z	2.8006147158403745	-0.007350946414863779	1283
85	2023-09-05T22:37:47.457Z	-0.00006784755025468492	2.8059115150146354	1282
86	2023-09-05T22:37:48.739Z	2.802932065479114	-0.005695696672907147	1282
87	2023-09-05T22:37:50.023Z	-0.003047297085776446	2.8069046648598097	1284
88	2023-09-05T22:37:51.304Z	2.800283665891983	-0.007681996363255061	1281
89	2023-09-05T22:37:52.587Z	-0.0017230972922113175	2.805580465066244	1283
90	2023-09-05T22:37:53.869Z	2.801276815737157	-0.006357796569689711	1282
91	2023-09-05T22:37:55.151Z	-0.0013920473438198133	2.8059115150146354	1282
92	2023-09-05T22:37:56.433Z	2.8016078656855488	-0.004702546827733078	1282
93	2023-09-05T22:37:57.716Z	-0.0017230972922113175	2.805580465066244	1283
94	2023-09-05T22:37:58.997Z	2.8026010155307226	-0.006026746621298429	1281
95	2023-09-05T22:38:00.280Z	-0.0013920473438198133	2.8069046648598097	1283
96	2023-09-05T22:38:01.562Z	2.8016078656855488	-0.006357796569689711	1282
97	2023-09-05T22:38:02.845Z	0.0002632023981368192	2.8059115150146354	1283
98	2023-09-05T22:38:04.127Z	2.80193891563394	-0.006357796569689711	1282
99	2023-09-05T22:38:05.410Z	-0.0017230972922113175	2.809222014498549	1283
100	2023-09-05T22:38:06.692Z	2.8022699655823313	-0.0050335967761245826	1282
101	2023-09-05T22:38:07.975Z	-0.0027162471373851638	2.8062425649630267	1283
102	2023-09-05T22:38:09.257Z	2.8022699655823313	-0.006026746621298429	1282
103	2023-09-05T22:38:10.540Z	0.0002632023981368192	2.805580465066244	1283
104	2023-09-05T22:38:11.822Z	2.8009457657887658	-0.006357796569689711	1282
105	2023-09-05T22:38:13.105Z	-0.0010609973954285312	2.807235714808201	1283
106	2023-09-05T22:38:14.389Z	2.803263115427505	-0.006688846518081215	1284
107	2023-09-05T22:38:15.672Z	-0.000398897498645967	2.8065736149114184	1283
108	2023-09-05T22:38:16.953Z	2.80193891563394	-0.006688846518081215	1281
109	2023-09-05T22:38:18.237Z	-0.0023851971889938817	2.805580465066244	1284
110	2023-09-05T22:38:19.520Z	2.804256265272679	-0.005364646724515865	1283
111	2023-09-05T22:38:20.804Z	-0.0020541472406025996	2.8075667647565923	1284
112	2023-09-05T22:38:22.085Z	2.8016078656855488	-0.006026746621298429	1281
113	2023-09-05T22:38:23.369Z	-0.0010609973954285312	2.807235714808201	1284
114	2023-09-05T22:38:24.652Z	2.801276815737157	-0.005695696672907147	1283
115	2023-09-05T22:38:25.937Z	-0.0010609973954285312	2.8065736149114184	1285
116	2023-09-05T22:38:27.218Z	2.8026010155307226	-0.007019896466472497	1281
117	2023-09-05T22:38:28.503Z	-0.000398897498645967	2.8078978147049836	1285
118	2023-09-05T22:38:29.786Z	2.8026010155307226	-0.008013046311646344	1283
119	2023-09-05T22:38:31.069Z	-0.0013920473438198133	2.8075667647565923	1283
120	2023-09-05T22:38:32.352Z	2.8016078656855488	-0.006026746621298429	1283
121	2023-09-05T22:38:33.636Z	-0.0023851971889938817	2.8059115150146354	1284
122	2023-09-05T22:38:34.918Z	2.8009457657887658	-0.008013046311646344	1282
123	2023-09-05T22:38:36.201Z	-0.0020541472406025996	2.8062425649630267	1283
124	2023-09-05T22:38:37.486Z	2.8026010155307226	-0.006357796569689711	1285
125	2023-09-05T22:38:38.768Z	-0.003047297085776446	2.8049183651694616	1282
126	2023-09-05T22:38:40.051Z	2.7996215659952	-0.006357796569689711	1283
127	2023-09-05T22:38:41.335Z	-0.0020541472406025996	2.8075667647565923	1284
128	2023-09-05T22:38:42.618Z	2.8026010155307226	-0.009006196156820412	1283
129	2023-09-05T22:38:43.902Z	-0.0017230972922113175	2.807235714808201	1284
130	2023-09-05T22:38:45.184Z	2.802932065479114	-0.00867514620842913	1282
131	2023-09-05T22:38:46.469Z	-0.0017230972922113175	2.8075667647565923	1285
132	2023-09-05T22:38:47.751Z	2.80193891563394	-0.006026746621298429	1282
133	2023-09-05T22:38:49.035Z	-0.003047297085776446	2.8065736149114184	1284
134	2023-09-05T22:38:50.318Z	2.802932065479114	-0.006688846518081215	1283
135	2023-09-05T22:38:51.602Z	-0.0023851971889938817	2.8082288646533753	1284
136	2023-09-05T22:38:52.883Z	2.801276815737157	-0.005364646724515865	1281
137	2023-09-05T22:38:54.168Z	-0.0007299474470372491	2.8065736149114184	1285
138	2023-09-05T22:38:55.450Z	2.801276815737157	-0.005695696672907147	1282
139	2023-09-05T22:38:56.733Z	-0.0027162471373851638	2.8065736149114184	1283
140	2023-09-05T22:38:58.016Z	2.8022699655823313	-0.006688846518081215	1283
141	2023-09-05T22:38:59.300Z	-0.0027162471373851638	2.8065736149114184	1284
142	2023-09-05T22:39:00.583Z	2.8022699655823313	-0.006357796569689711	1283
143	2023-09-05T22:39:01.866Z	-0.0010609973954285312	2.8065736149114184	1283
144	2023-09-05T22:39:03.150Z	2.80193891563394	-0.006688846518081215	1284
145	2023-09-05T22:39:04.433Z	-0.0013920473438198133	2.8082288646533753	1283
146	2023-09-05T22:39:05.716Z	2.80193891563394	-0.005695696672907147	1283
147	2023-09-05T22:39:07.000Z	-0.0010609973954285312	2.8078978147049836	1284
148	2023-09-05T22:39:08.282Z	2.8022699655823313	-0.007019896466472497	1282
149	2023-09-05T22:39:09.568Z	-0.0013920473438198133	2.8075667647565923	1286
150	2023-09-05T22:39:10.851Z	2.80193891563394	-0.005695696672907147	1283
151	2023-09-05T22:39:12.135Z	-0.00337834703416795	2.805249415117853	1284
152	2023-09-05T22:39:13.420Z	2.8022699655823313	-0.0050335967761245826	1285
153	2023-09-05T22:39:14.703Z	-0.0017230972922113175	2.8065736149114184	1283
154	2023-09-05T22:39:15.987Z	2.8035941653758965	-0.009006196156820412	1284
155	2023-09-05T22:39:17.272Z	-0.0007299474470372491	2.8075667647565923	1285
156	2023-09-05T22:39:18.556Z	2.80193891563394	-0.007350946414863779	1284
157	2023-09-05T22:39:19.841Z	-0.000398897498645967	2.807235714808201	1285
158	2023-09-05T22:39:21.125Z	2.802932065479114	-0.006688846518081215	1284
159	2023-09-05T22:39:22.409Z	-0.0017230972922113175	2.8059115150146354	1284
160	2023-09-05T22:39:23.691Z	2.8006147158403745	-0.006357796569689711	1282
161	2023-09-05T22:39:24.975Z	-0.0010609973954285312	2.8059115150146354	1284
162	2023-09-05T22:39:26.257Z	2.8022699655823313	-0.006026746621298429	1282
163	2023-09-05T22:39:27.541Z	-0.00337834703416795	2.807235714808201	1284
164	2023-09-05T22:39:28.825Z	2.80193891563394	-0.0050335967761245826	1284
165	2023-09-05T22:39:30.109Z	-0.00006784755025468492	2.807235714808201	1284
166	2023-09-05T22:39:31.392Z	2.7996215659952	-0.006357796569689711	1283
167	2023-09-05T22:39:32.677Z	-0.0017230972922113175	2.8085599146017666	1285
168	2023-09-05T22:39:33.958Z	2.801276815737157	-0.006688846518081215	1281
169	2023-09-05T22:39:35.243Z	-0.0023851971889938817	2.805580465066244	1285
170	2023-09-05T22:39:36.526Z	2.8009457657887658	-0.006688846518081215	1283
171	2023-09-05T22:39:37.810Z	-0.0027162471373851638	2.805249415117853	1284
172	2023-09-05T22:39:39.093Z	2.80193891563394	-0.006026746621298429	1283
173	2023-09-05T22:39:40.378Z	-0.0007299474470372491	2.807235714808201	1285
174	2023-09-05T22:39:41.661Z	2.8016078656855488	-0.006026746621298429	1283
175	2023-09-05T22:39:42.945Z	-0.0020541472406025996	2.8069046648598097	1284
176	2023-09-05T22:39:44.228Z	2.8022699655823313	-0.006026746621298429	1283
177	2023-09-05T22:39:45.512Z	-0.000398897498645967	2.8078978147049836	1284
178	2023-09-05T22:39:46.795Z	2.8022699655823313	-0.005364646724515865	1283
179	2023-09-05T22:39:48.078Z	0.0002632023981368192	2.8062425649630267	1283
180	2023-09-05T22:39:49.361Z	2.80193891563394	-0.006026746621298429	1283
181	2023-09-05T22:39:50.645Z	-0.0007299474470372491	2.8078978147049836	1284
182	2023-09-05T22:39:51.927Z	2.802932065479114	-0.006026746621298429	1282
183	2023-09-05T22:39:53.210Z	-0.0007299474470372491	2.8062425649630267	1283
184	2023-09-05T22:39:54.493Z	2.8009457657887658	-0.008013046311646344	1283
185	2023-09-05T22:39:55.777Z	-0.0010609973954285312	2.807235714808201	1284
186	2023-09-05T22:39:57.058Z	2.8022699655823313	-0.007019896466472497	1281
187	2023-09-05T22:39:58.341Z	-0.0023851971889938817	2.805249415117853	1283
188	2023-09-05T22:39:59.621Z	2.80193891563394	-0.008013046311646344	1280
189	2023-09-05T22:40:00.904Z	-0.0010609973954285312	2.8065736149114184	1283
190	2023-09-05T22:40:02.185Z	2.8009457657887658	-0.006026746621298429	1281
191	2023-09-05T22:40:03.467Z	-0.0010609973954285312	2.8075667647565923	1282
192	2023-09-05T22:40:04.748Z	2.8026010155307226	-0.005695696672907147	1281
193	2023-09-05T22:40:06.031Z	-0.000398897498645967	2.8075667647565923	1283
194	2023-09-05T22:40:07.314Z	2.8016078656855488	-0.006688846518081215	1283
195	2023-09-05T22:40:08.596Z	-0.0017230972922113175	2.8078978147049836	1282
196	2023-09-05T22:40:09.878Z	2.802932065479114	-0.007350946414863779	1282
197	2023-09-05T22:40:11.162Z	-0.00006784755025468492	2.8062425649630267	1284
198	2023-09-05T22:40:12.443Z	2.8009457657887658	-0.004371496879341796	1281
199	2023-09-05T22:40:13.727Z	-0.0013920473438198133	2.8049183651694616	1284
200	2023-09-05T22:40:15.009Z	2.8026010155307226	-0.007350946414863779	1282
201	2023-09-05T22:40:16.293Z	-0.0013920473438198133	2.8065736149114184	1284
202	2023-09-05T22:40:17.573Z	2.8026010155307226	-0.007350946414863779	1280
203	2023-09-05T22:40:18.857Z	-0.000398897498645967	2.805580465066244	1284
204	2023-09-05T22:40:20.139Z	2.80193891563394	-0.0050335967761245826	1282
205	2023-09-05T22:40:21.422Z	-0.0017230972922113175	2.8075667647565923	1283
206	2023-09-05T22:40:22.705Z	2.8026010155307226	-0.005364646724515865	1283
207	2023-09-05T22:40:23.988Z	-0.0013920473438198133	2.8085599146017666	1283
208	2023-09-05T22:40:25.271Z	2.8022699655823313	-0.0050335967761245826	1283
209	2023-09-05T22:40:26.554Z	-0.0027162471373851638	2.8059115150146354	1283
210	2023-09-05T22:40:27.837Z	2.801276815737157	-0.009668296053602976	1283
211	2023-09-05T22:40:29.120Z	-0.0017230972922113175	2.807235714808201	1283
212	2023-09-05T22:40:30.403Z	2.8022699655823313	-0.007681996363255061	1283
213	2023-09-05T22:40:31.686Z	-0.00006784755025468492	2.8075667647565923	1283
214	2023-09-05T22:40:32.969Z	2.8022699655823313	-0.006357796569689711	1283
215	2023-09-05T22:40:34.253Z	-0.0013920473438198133	2.8059115150146354	1284
216	2023-09-05T22:40:35.535Z	2.801276815737157	-0.006688846518081215	1282
217	2023-09-05T22:40:36.820Z	-0.0007299474470372491	2.8049183651694616	1285
218	2023-09-05T22:40:38.102Z	2.7996215659952	-0.005364646724515865	1282
219	2023-09-05T22:40:39.387Z	-0.0023851971889938817	2.8078978147049836	1285
220	2023-09-05T22:40:40.669Z	2.801276815737157	-0.007019896466472497	1282
221	2023-09-05T22:40:41.954Z	-0.0007299474470372491	2.8069046648598097	1285
222	2023-09-05T22:40:43.236Z	2.80193891563394	-0.006688846518081215	1282
223	2023-09-05T22:40:44.520Z	-0.000398897498645967	2.8075667647565923	1284
224	2023-09-05T22:40:45.802Z	2.7996215659952	-0.007681996363255061	1282
225	2023-09-05T22:40:47.086Z	-0.0013920473438198133	2.8075667647565923	1284
226	2023-09-05T22:40:48.368Z	2.8016078656855488	-0.008013046311646344	1282
227	2023-09-05T22:40:49.652Z	-0.0013920473438198133	2.8059115150146354	1284
228	2023-09-05T22:40:50.935Z	2.8022699655823313	-0.006357796569689711	1283
229	2023-09-05T22:40:52.219Z	-0.0017230972922113175	2.8078978147049836	1284
230	2023-09-05T22:40:53.501Z	2.804256265272679	-0.0050335967761245826	1282
231	2023-09-05T22:40:54.785Z	-0.0023851971889938817	2.807235714808201	1284
232	2023-09-05T22:40:56.069Z	2.799952615943592	-0.006357796569689711	1284
233	2023-09-05T22:40:57.353Z	-0.0020541472406025996	2.805249415117853	1284
234	2023-09-05T22:40:58.636Z	2.8022699655823313	-0.006688846518081215	1283
235	2023-09-05T22:40:59.919Z	-0.0010609973954285312	2.807235714808201	1283
236	2023-09-05T22:41:01.202Z	2.80193891563394	-0.006026746621298429	1283
237	2023-09-05T22:41:02.487Z	-0.000398897498645967	2.8065736149114184	1285
238	2023-09-05T22:41:03.769Z	2.8026010155307226	-0.006688846518081215	1282
239	2023-09-05T22:41:05.053Z	-0.0010609973954285312	2.807235714808201	1284
240	2023-09-05T22:41:06.335Z	2.8016078656855488	-0.004371496879341796	1282
241	2023-09-05T22:41:07.619Z	-0.0017230972922113175	2.8075667647565923	1284
242	2023-09-05T22:41:08.901Z	2.799290516046809	-0.005695696672907147	1282
243	2023-09-05T22:41:10.184Z	-0.0010609973954285312	2.807235714808201	1283
244	2023-09-05T22:41:11.466Z	2.799290516046809	-0.006688846518081215	1282
245	2023-09-05T22:41:12.750Z	-0.0017230972922113175	2.807235714808201	1284
246	2023-09-05T22:41:14.033Z	2.802932065479114	-0.006357796569689711	1283
247	2023-09-05T22:41:15.316Z	-0.0023851971889938817	2.807235714808201	1283
248	2023-09-05T22:41:16.598Z	2.8006147158403745	-0.007350946414863779	1282
249	2023-09-05T22:41:17.881Z	-0.0020541472406025996	2.8075667647565923	1283
250	2023-09-05T22:41:19.165Z	2.7996215659952	-0.006026746621298429	1284
251	2023-09-05T22:41:20.447Z	-0.0027162471373851638	2.8082288646533753	1282
252	2023-09-05T22:41:21.730Z	2.8009457657887658	-0.006357796569689711	1283
253	2023-09-05T22:41:23.015Z	-0.0017230972922113175	2.8078978147049836	1285
254	2023-09-05T22:41:24.298Z	2.8009457657887658	-0.007019896466472497	1283
255	2023-09-05T22:41:25.582Z	-0.0013920473438198133	2.8069046648598097	1284
256	2023-09-05T22:41:26.865Z	2.8026010155307226	-0.007681996363255061	1283
257	2023-09-05T22:41:28.150Z	-0.0027162471373851638	2.8082288646533753	1285
258	2023-09-05T22:41:29.433Z	2.80193891563394	-0.007350946414863779	1283
259	2023-09-05T22:41:30.718Z	-0.00006784755025468492	2.8078978147049836	1285
260	2023-09-05T22:41:32.002Z	2.8006147158403745	-0.006026746621298429	1284
261	2023-09-05T22:41:33.286Z	0.0002632023981368192	2.8062425649630267	1284
262	2023-09-05T22:41:34.570Z	2.8022699655823313	-0.007019896466472497	1284
263	2023-09-05T22:41:35.855Z	0.0009253022949193834	2.8082288646533753	1285
264	2023-09-05T22:41:37.138Z	2.8006147158403745	-0.006357796569689711	1283
265	2023-09-05T22:41:38.422Z	-0.0010609973954285312	2.8078978147049836	1284
266	2023-09-05T22:41:39.705Z	2.8022699655823313	-0.007350946414863779	1283
267	2023-09-05T22:41:40.988Z	-0.0010609973954285312	2.805249415117853	1283
268	2023-09-05T22:41:42.271Z	2.8006147158403745	-0.006688846518081215	1283
269	2023-09-05T22:41:43.555Z	-0.0010609973954285312	2.8098841143953317	1284
270	2023-09-05T22:41:44.836Z	2.8026010155307226	-0.007019896466472497	1281
271	2023-09-05T22:41:46.121Z	-0.0010609973954285312	2.8075667647565923	1285
272	2023-09-05T22:41:47.404Z	2.8026010155307226	-0.007019896466472497	1283
273	2023-09-05T22:41:48.688Z	-0.0017230972922113175	2.807235714808201	1284
274	2023-09-05T22:41:49.971Z	2.802932065479114	-0.007019896466472497	1283
275	2023-09-05T22:41:51.255Z	-0.0010609973954285312	2.8075667647565923	1284
276	2023-09-05T22:41:52.538Z	2.8016078656855488	-0.007350946414863779	1283
277	2023-09-05T22:41:53.823Z	-0.003047297085776446	2.807235714808201	1285
278	2023-09-05T22:41:55.107Z	2.80193891563394	-0.008013046311646344	1284
279	2023-09-05T22:41:56.392Z	-0.00006784755025468492	2.8065736149114184	1285
280	2023-09-05T22:41:57.676Z	2.8022699655823313	-0.006688846518081215	1284
281	2023-09-05T22:41:58.961Z	-0.0007299474470372491	2.8078978147049836	1285
282	2023-09-05T22:42:00.245Z	2.803263115427505	-0.006688846518081215	1284
283	2023-09-05T22:42:01.530Z	-0.0007299474470372491	2.8075667647565923	1285
284	2023-09-05T22:42:02.814Z	2.80193891563394	-0.007681996363255061	1284
285	2023-09-05T22:42:04.099Z	-0.003047297085776446	2.8085599146017666	1285
286	2023-09-05T22:42:05.382Z	2.80193891563394	-0.007681996363255061	1283
287	2023-09-05T22:42:06.667Z	-0.00006784755025468492	2.8075667647565923	1285
288	2023-09-05T22:42:07.950Z	2.8016078656855488	-0.007350946414863779	1283
289	2023-09-05T22:42:09.235Z	-0.003047297085776446	2.8059115150146354	1285
290	2023-09-05T22:42:10.518Z	2.80193891563394	-0.004702546827733078	1283
291	2023-09-05T22:42:11.803Z	-0.0013920473438198133	2.8059115150146354	1285
292	2023-09-05T22:42:13.086Z	2.8026010155307226	-0.008013046311646344	1283
293	2023-09-05T22:42:14.370Z	-0.0017230972922113175	2.807235714808201	1284
294	2023-09-05T22:42:15.653Z	2.80193891563394	-0.004371496879341796	1283
295	2023-09-05T22:42:16.937Z	0.0005942523465281013	2.8069046648598097	1284
296	2023-09-05T22:42:18.222Z	2.801276815737157	-0.007019896466472497	1285
297	2023-09-05T22:42:19.505Z	-0.003047297085776446	2.8078978147049836	1283
298	2023-09-05T22:42:20.788Z	2.8006147158403745	-0.007681996363255061	1283
299	2023-09-05T22:42:22.072Z	-0.0020541472406025996	2.8059115150146354	1284
300	2023-09-05T22:42:23.356Z	2.8009457657887658	-0.006357796569689711	1284
301	2023-09-05T22:42:24.641Z	-0.0017230972922113175	2.8062425649630267	1285
302	2023-09-05T22:42:25.924Z	2.8016078656855488	-0.005364646724515865	1283
303	2023-09-05T22:42:27.207Z	-0.00006784755025468492	2.8078978147049836	1283
304	2023-09-05T22:42:28.489Z	2.8022699655823313	-0.004702546827733078	1282
305	2023-09-05T22:42:29.774Z	-0.0023851971889938817	2.8069046648598097	1285
306	2023-09-05T22:42:31.056Z	2.8022699655823313	-0.006026746621298429	1282
307	2023-09-05T22:42:32.340Z	-0.0023851971889938817	2.8065736149114184	1284
308	2023-09-05T22:42:33.623Z	2.8016078656855488	-0.006357796569689711	1283
309	2023-09-05T22:42:34.908Z	0.0002632023981368192	2.8069046648598097	1285
310	2023-09-05T22:42:36.192Z	2.8009457657887658	-0.006688846518081215	1284
311	2023-09-05T22:42:37.476Z	-0.0023851971889938817	2.8059115150146354	1284
312	2023-09-05T22:42:38.759Z	2.803263115427505	-0.007350946414863779	1283
313	2023-09-05T22:42:40.043Z	-0.0017230972922113175	2.807235714808201	1284
314	2023-09-05T22:42:41.326Z	2.802932065479114	-0.007350946414863779	1283
315	2023-09-05T22:42:42.611Z	-0.0010609973954285312	2.8059115150146354	1285
316	2023-09-05T22:42:43.894Z	2.80193891563394	-0.005695696672907147	1283
317	2023-09-05T22:42:45.179Z	-0.0017230972922113175	2.8059115150146354	1285
318	2023-09-05T22:42:46.465Z	2.801276815737157	-0.006357796569689711	1286
319	2023-09-05T22:42:47.748Z	-0.0013920473438198133	2.8078978147049836	1283
320	2023-09-05T22:42:49.031Z	2.80193891563394	-0.007681996363255061	1283
321	2023-09-05T22:42:50.316Z	-0.0007299474470372491	2.8075667647565923	1285
322	2023-09-05T22:42:51.600Z	2.8016078656855488	-0.007019896466472497	1284
323	2023-09-05T22:42:52.883Z	-0.0013920473438198133	2.8045873152210703	1283
324	2023-09-05T22:42:54.166Z	2.8022699655823313	-0.006688846518081215	1283
325	2023-09-05T22:42:55.450Z	-0.0007299474470372491	2.8078978147049836	1284
326	2023-09-05T22:42:56.733Z	2.8006147158403745	-0.006357796569689711	1283
327	2023-09-05T22:42:58.016Z	-0.0007299474470372491	2.807235714808201	1283
328	2023-09-05T22:42:59.300Z	2.8016078656855488	-0.006357796569689711	1284
329	2023-09-05T22:43:00.585Z	-0.0027162471373851638	2.8078978147049836	1285
330	2023-09-05T22:43:01.869Z	2.80193891563394	-0.006026746621298429	1284
331	2023-09-05T22:43:03.152Z	-0.0010609973954285312	2.8069046648598097	1283
332	2023-09-05T22:43:04.435Z	2.80193891563394	-0.006688846518081215	1283
333	2023-09-05T22:43:05.721Z	-0.0017230972922113175	2.807235714808201	1286
334	2023-09-05T22:43:07.004Z	2.801276815737157	-0.006357796569689711	1283
335	2023-09-05T22:43:08.288Z	-0.0023851971889938817	2.8082288646533753	1284
336	2023-09-05T22:43:09.572Z	2.802932065479114	-0.007681996363255061	1284
337	2023-09-05T22:43:10.856Z	-0.0027162471373851638	2.805580465066244	1284
338	2023-09-05T22:43:12.140Z	2.80193891563394	-0.006026746621298429	1284
339	2023-09-05T22:43:13.424Z	-0.0007299474470372491	2.8085599146017666	1284
340	2023-09-05T22:43:14.709Z	2.8026010155307226	-0.006026746621298429	1285
341	2023-09-05T22:43:15.993Z	-0.0017230972922113175	2.807235714808201	1284
342	2023-09-05T22:43:17.277Z	2.8022699655823313	-0.006357796569689711	1284
343	2023-09-05T22:43:18.561Z	-0.00006784755025468492	2.8078978147049836	1284
344	2023-09-05T22:43:19.846Z	2.8016078656855488	-0.006357796569689711	1285
345	2023-09-05T22:43:21.131Z	-0.0007299474470372491	2.8085599146017666	1285
346	2023-09-05T22:43:22.416Z	2.8006147158403745	-0.005695696672907147	1285
347	2023-09-05T22:43:23.700Z	-0.0013920473438198133	2.808890964550158	1284
348	2023-09-05T22:43:24.985Z	2.80193891563394	-0.0050335967761245826	1285
349	2023-09-05T22:43:26.270Z	-0.0013920473438198133	2.8065736149114184	1285
350	2023-09-05T22:43:27.554Z	2.803263115427505	-0.007350946414863779	1284
351	2023-09-05T22:43:28.839Z	-0.0007299474470372491	2.807235714808201	1285
352	2023-09-05T22:43:30.123Z	2.803263115427505	-0.007681996363255061	1284
353	2023-09-05T22:43:31.407Z	-0.0027162471373851638	2.8065736149114184	1284
354	2023-09-05T22:43:32.691Z	2.80193891563394	-0.005695696672907147	1284
355	2023-09-05T22:43:33.978Z	-0.0017230972922113175	2.8075667647565923	1287
356	2023-09-05T22:43:35.262Z	2.801276815737157	-0.0050335967761245826	1284
357	2023-09-05T22:43:36.547Z	-0.000398897498645967	2.8075667647565923	1285
358	2023-09-05T22:43:37.831Z	2.8016078656855488	-0.006688846518081215	1284
359	2023-09-05T22:43:39.116Z	-0.0013920473438198133	2.8062425649630267	1285
360	2023-09-05T22:43:40.400Z	2.801276815737157	-0.007350946414863779	1284
361	2023-09-05T22:43:41.685Z	-0.0013920473438198133	2.8062425649630267	1285
362	2023-09-05T22:43:42.967Z	2.803263115427505	-0.006357796569689711	1282
363	2023-09-05T22:43:44.251Z	-0.0023851971889938817	2.805580465066244	1284
364	2023-09-05T22:43:45.535Z	2.801276815737157	-0.007681996363255061	1284
365	2023-09-05T22:43:46.820Z	-0.0013920473438198133	2.8062425649630267	1285
366	2023-09-05T22:43:48.103Z	2.801276815737157	-0.006357796569689711	1283
367	2023-09-05T22:43:49.388Z	0.0002632023981368192	2.8059115150146354	1285
368	2023-09-05T22:43:50.672Z	2.801276815737157	-0.004702546827733078	1284
369	2023-09-05T22:43:51.958Z	-0.0013920473438198133	2.8069046648598097	1286
370	2023-09-05T22:43:53.243Z	2.8022699655823313	-0.007681996363255061	1285
371	2023-09-05T22:43:54.529Z	-0.000398897498645967	2.8078978147049836	1286
372	2023-09-05T22:43:55.814Z	2.8016078656855488	-0.008013046311646344	1285
373	2023-09-05T22:43:57.099Z	-0.00006784755025468492	2.8075667647565923	1285
374	2023-09-05T22:43:58.384Z	2.8026010155307226	-0.007681996363255061	1285
375	2023-09-05T22:43:59.672Z	-0.0017230972922113175	2.8075667647565923	1288
376	2023-09-05T22:44:00.955Z	2.8016078656855488	-0.006026746621298429	1283
377	2023-09-05T22:44:02.241Z	-0.0007299474470372491	2.8062425649630267	1286
378	2023-09-05T22:44:03.525Z	2.8016078656855488	-0.006688846518081215	1284
379	2023-09-05T22:44:04.811Z	-0.003047297085776446	2.805249415117853	1286
380	2023-09-05T22:44:06.095Z	2.801276815737157	-0.007019896466472497	1284
381	2023-09-05T22:44:07.380Z	-0.0010609973954285312	2.807235714808201	1285
382	2023-09-05T22:44:08.665Z	2.8026010155307226	-0.007019896466472497	1285
383	2023-09-05T22:44:09.949Z	-0.0007299474470372491	2.8069046648598097	1284
384	2023-09-05T22:44:11.234Z	2.8016078656855488	-0.007681996363255061	1285
385	2023-09-05T22:44:12.520Z	-0.0023851971889938817	2.8069046648598097	1286
386	2023-09-05T22:44:13.805Z	2.8026010155307226	-0.006357796569689711	1285
387	2023-09-05T22:44:15.090Z	-0.0010609973954285312	2.8065736149114184	1285
388	2023-09-05T22:44:16.376Z	2.8026010155307226	-0.008013046311646344	1286
389	2023-09-05T22:44:17.660Z	-0.0023851971889938817	2.8082288646533753	1284
390	2023-09-05T22:44:18.945Z	2.8009457657887658	-0.007350946414863779	1285
391	2023-09-05T22:44:20.229Z	-0.0007299474470372491	2.8049183651694616	1284
392	2023-09-05T22:44:21.514Z	2.8016078656855488	-0.006357796569689711	1285
393	2023-09-05T22:44:22.798Z	-0.003047297085776446	2.8078978147049836	1284
394	2023-09-05T22:44:24.082Z	2.801276815737157	-0.006688846518081215	1284
395	2023-09-05T22:44:25.369Z	-0.0017230972922113175	2.8065736149114184	1287
396	2023-09-05T22:44:26.651Z	2.8022699655823313	-0.004702546827733078	1282
397	2023-09-05T22:44:27.937Z	-0.003047297085776446	2.8062425649630267	1286
398	2023-09-05T22:44:29.222Z	2.8009457657887658	-0.006357796569689711	1285
399	2023-09-05T22:44:30.506Z	-0.0010609973954285312	2.8078978147049836	1284
400	2023-09-05T22:44:31.791Z	2.8026010155307226	-0.005695696672907147	1285
401	2023-09-05T22:44:33.076Z	-0.003047297085776446	2.8045873152210703	1285
402	2023-09-05T22:44:34.359Z	2.8006147158403745	-0.007350946414863779	1283
403	2023-09-05T22:44:35.643Z	-0.0013920473438198133	2.807235714808201	1284
404	2023-09-05T22:44:36.926Z	2.8016078656855488	-0.007019896466472497	1283
405	2023-09-05T22:44:38.212Z	-0.0017230972922113175	2.8069046648598097	1286
406	2023-09-05T22:44:39.496Z	2.801276815737157	-0.008344096260037848	1284
407	2023-09-05T22:44:40.779Z	-0.0017230972922113175	2.8075667647565923	1283
408	2023-09-05T22:44:42.062Z	2.8022699655823313	-0.005364646724515865	1283
409	2023-09-05T22:44:43.347Z	-0.0007299474470372491	2.8065736149114184	1285
410	2023-09-05T22:44:44.630Z	2.801276815737157	-0.006688846518081215	1283
411	2023-09-05T22:44:45.914Z	-0.0020541472406025996	2.805580465066244	1284
412	2023-09-05T22:44:47.197Z	2.801276815737157	-0.007019896466472497	1283
413	2023-09-05T22:44:48.481Z	-0.0023851971889938817	2.8059115150146354	1284
414	2023-09-05T22:44:49.765Z	2.801276815737157	-0.007350946414863779	1284
415	2023-09-05T22:44:51.048Z	-0.0007299474470372491	2.8075667647565923	1283
416	2023-09-05T22:44:52.331Z	2.8022699655823313	-0.007019896466472497	1283
417	2023-09-05T22:44:53.615Z	-0.0013920473438198133	2.8082288646533753	1284
418	2023-09-05T22:44:54.898Z	2.7996215659952	-0.006688846518081215	1283
419	2023-09-05T22:44:56.183Z	-0.0007299474470372491	2.807235714808201	1285
420	2023-09-05T22:44:57.467Z	2.803263115427505	-0.007681996363255061	1284
421	2023-09-05T22:44:58.752Z	-0.0020541472406025996	2.8062425649630267	1285
422	2023-09-05T22:45:00.036Z	2.80193891563394	-0.006688846518081215	1284
423	2023-09-05T22:45:01.319Z	0.0002632023981368192	2.807235714808201	1283
424	2023-09-05T22:45:02.603Z	2.8026010155307226	-0.007681996363255061	1284
425	2023-09-05T22:45:03.889Z	-0.0020541472406025996	2.8069046648598097	1286
426	2023-09-05T22:45:05.172Z	2.80193891563394	-0.007019896466472497	1283
427	2023-09-05T22:45:06.457Z	-0.0017230972922113175	2.8078978147049836	1285
428	2023-09-05T22:45:07.740Z	2.8022699655823313	-0.006688846518081215	1283
429	2023-09-05T22:45:09.024Z	-0.000398897498645967	2.8062425649630267	1284
430	2023-09-05T22:45:10.308Z	2.80193891563394	-0.006357796569689711	1284
431	2023-09-05T22:45:11.593Z	-0.0013920473438198133	2.8082288646533753	1285
432	2023-09-05T22:45:12.878Z	2.80193891563394	-0.007019896466472497	1285
433	2023-09-05T22:45:14.161Z	-0.0013920473438198133	2.808890964550158	1283
434	2023-09-05T22:45:15.443Z	2.8009457657887658	-0.006357796569689711	1282
435	2023-09-05T22:45:16.727Z	-0.0013920473438198133	2.8062425649630267	1284
436	2023-09-05T22:45:18.012Z	2.803263115427505	-0.006688846518081215	1285
437	2023-09-05T22:45:19.295Z	-0.0013920473438198133	2.805249415117853	1283
438	2023-09-05T22:45:20.578Z	2.800283665891983	-0.006688846518081215	1283
439	2023-09-05T22:45:21.861Z	-0.0017230972922113175	2.8062425649630267	1283
440	2023-09-05T22:45:23.147Z	2.801276815737157	-0.007019896466472497	1286
441	2023-09-05T22:45:24.431Z	-0.0013920473438198133	2.8049183651694616	1284
442	2023-09-05T22:45:25.715Z	2.8022699655823313	-0.006357796569689711	1284
443	2023-09-05T22:45:26.997Z	-0.0013920473438198133	2.8059115150146354	1282
444	2023-09-05T22:45:28.280Z	2.803263115427505	-0.006357796569689711	1283
445	2023-09-05T22:45:29.563Z	-0.0013920473438198133	2.8069046648598097	1283
446	2023-09-05T22:45:30.846Z	2.8016078656855488	-0.006688846518081215	1283
447	2023-09-05T22:45:32.130Z	-0.0007299474470372491	2.8059115150146354	1284
448	2023-09-05T22:45:33.414Z	2.8026010155307226	-0.006026746621298429	1284
449	2023-09-05T22:45:34.698Z	-0.0027162471373851638	2.8075667647565923	1284
450	2023-09-05T22:45:35.980Z	2.80193891563394	-0.007019896466472497	1282
451	2023-09-05T22:45:37.265Z	-0.0007299474470372491	2.8082288646533753	1285
452	2023-09-05T22:45:38.546Z	2.801276815737157	-0.005364646724515865	1281
453	2023-09-05T22:45:39.832Z	-0.0010609973954285312	2.807235714808201	1286
454	2023-09-05T22:45:41.114Z	2.803263115427505	-0.0050335967761245826	1282
455	2023-09-05T22:45:42.399Z	-0.0010609973954285312	2.8062425649630267	1285
456	2023-09-05T22:45:43.681Z	2.80193891563394	-0.006026746621298429	1282
457	2023-09-05T22:45:44.965Z	-0.0010609973954285312	2.805580465066244	1284
458	2023-09-05T22:45:46.247Z	2.8016078656855488	-0.004371496879341796	1282
459	2023-09-05T22:45:47.531Z	-0.0013920473438198133	2.8059115150146354	1284
460	2023-09-05T22:45:48.814Z	2.8006147158403745	-0.004702546827733078	1283
461	2023-09-05T22:45:50.098Z	-0.0010609973954285312	2.8085599146017666	1284
462	2023-09-05T22:45:51.381Z	2.8016078656855488	-0.007019896466472497	1283
463	2023-09-05T22:45:52.665Z	-0.0007299474470372491	2.8075667647565923	1284
464	2023-09-05T22:45:53.949Z	2.8022699655823313	-0.006357796569689711	1284
465	2023-09-05T22:45:55.232Z	-0.0023851971889938817	2.8069046648598097	1283
466	2023-09-05T22:45:56.517Z	2.80193891563394	-0.006688846518081215	1285
467	2023-09-05T22:45:57.801Z	-0.003047297085776446	2.8069046648598097	1284
468	2023-09-05T22:45:59.085Z	2.803263115427505	-0.007019896466472497	1284
469	2023-09-05T22:46:00.372Z	-0.0010609973954285312	2.8082288646533753	1287
470	2023-09-05T22:46:01.653Z	2.799290516046809	-0.005695696672907147	1281
471	2023-09-05T22:46:02.939Z	-0.0023851971889938817	2.8062425649630267	1286
472	2023-09-05T22:46:04.222Z	2.8022699655823313	-0.007350946414863779	1283
473	2023-09-05T22:46:05.507Z	-0.00337834703416795	2.8065736149114184	1285
474	2023-09-05T22:46:06.791Z	2.8026010155307226	-0.005695696672907147	1284
475	2023-09-05T22:46:08.077Z	-0.0010609973954285312	2.8065736149114184	1286
476	2023-09-05T22:46:09.360Z	2.802932065479114	-0.006357796569689711	1283
477	2023-09-05T22:46:10.645Z	-0.0013920473438198133	2.8075667647565923	1285
478	2023-09-05T22:46:11.929Z	2.8009457657887658	-0.004371496879341796	1284
479	2023-09-05T22:46:13.214Z	-0.0023851971889938817	2.8069046648598097	1285
480	2023-09-05T22:46:14.497Z	2.8016078656855488	-0.006026746621298429	1283
481	2023-09-05T22:46:15.782Z	-0.0010609973954285312	2.8065736149114184	1285
482	2023-09-05T22:46:17.065Z	2.8006147158403745	-0.006026746621298429	1283
483	2023-09-05T22:46:18.351Z	-0.0023851971889938817	2.8069046648598097	1286
484	2023-09-05T22:46:19.634Z	2.801276815737157	-0.008013046311646344	1283
485	2023-09-05T22:46:20.920Z	-0.0007299474470372491	2.8065736149114184	1286
486	2023-09-05T22:46:22.202Z	2.8026010155307226	-0.006688846518081215	1282
487	2023-09-05T22:46:23.486Z	-0.0013920473438198133	2.8065736149114184	1284
488	2023-09-05T22:46:24.768Z	2.8022699655823313	-0.007681996363255061	1282
489	2023-09-05T22:46:26.053Z	-0.0010609973954285312	2.8078978147049836	1285
490	2023-09-05T22:46:27.336Z	2.8016078656855488	-0.006026746621298429	1283
491	2023-09-05T22:46:28.620Z	-0.004040446930950514	2.8062425649630267	1284
492	2023-09-05T22:46:29.901Z	2.799952615943592	-0.007681996363255061	1281
493	2023-09-05T22:46:31.183Z	-0.0020541472406025996	2.805580465066244	1282
494	2023-09-05T22:46:32.465Z	2.8026010155307226	-0.006357796569689711	1282
495	2023-09-05T22:46:33.748Z	-0.00337834703416795	2.8075667647565923	1283
496	2023-09-05T22:46:35.029Z	2.8016078656855488	-0.005364646724515865	1281
497	2023-09-05T22:46:36.313Z	-0.0023851971889938817	2.8075667647565923	1284
498	2023-09-05T22:46:37.593Z	2.8026010155307226	-0.007350946414863779	1280
499	2023-09-05T22:46:38.876Z	-0.0020541472406025996	2.8059115150146354	1283
500	2023-09-05T22:46:40.159Z	2.801276815737157	-0.006357796569689711	1283
501	2023-09-05T22:46:41.444Z	-0.0010609973954285312	2.8059115150146354	1285
502	2023-09-05T22:46:42.729Z	2.80193891563394	-0.006357796569689711	1285
503	2023-09-05T22:46:44.012Z	-0.0023851971889938817	2.805580465066244	1283
504	2023-09-05T22:46:45.296Z	2.80193891563394	-0.007350946414863779	1284
505	2023-09-05T22:46:46.582Z	-0.0023851971889938817	2.8078978147049836	1286
506	2023-09-05T22:46:47.865Z	2.8006147158403745	-0.006357796569689711	1283
507	2023-09-05T22:46:49.150Z	-0.0007299474470372491	2.8069046648598097	1285
508	2023-09-05T22:46:50.433Z	2.8006147158403745	-0.006357796569689711	1283
509	2023-09-05T22:46:51.718Z	-0.0020541472406025996	2.8069046648598097	1285
510	2023-09-05T22:46:53.001Z	2.8026010155307226	-0.007350946414863779	1283
511	2023-09-05T22:46:54.285Z	-0.0010609973954285312	2.8062425649630267	1284
512	2023-09-05T22:46:55.569Z	2.8022699655823313	-0.007350946414863779	1284
513	2023-09-05T22:46:56.853Z	-0.0020541472406025996	2.8082288646533753	1284
514	2023-09-05T22:46:58.135Z	2.8026010155307226	-0.007681996363255061	1282
515	2023-09-05T22:46:59.419Z	-0.0020541472406025996	2.8069046648598097	1284
516	2023-09-05T22:47:00.703Z	2.8016078656855488	-0.009337246105211694	1284
517	2023-09-05T22:47:01.988Z	-0.0013920473438198133	2.8049183651694616	1285
518	2023-09-05T22:47:03.270Z	2.802932065479114	-0.007350946414863779	1282
519	2023-09-05T22:47:04.555Z	-0.0017230972922113175	2.8082288646533753	1285
520	2023-09-05T22:47:05.837Z	2.80193891563394	-0.0050335967761245826	1282
521	2023-09-05T22:47:07.122Z	-0.0013920473438198133	2.8069046648598097	1285
522	2023-09-05T22:47:08.405Z	2.8026010155307226	-0.006026746621298429	1283
523	2023-09-05T22:47:09.689Z	-0.0010609973954285312	2.8059115150146354	1284
524	2023-09-05T22:47:10.973Z	2.803263115427505	-0.007350946414863779	1284
525	2023-09-05T22:47:12.258Z	-0.000398897498645967	2.8065736149114184	1285
526	2023-09-05T22:47:13.541Z	2.80193891563394	-0.006688846518081215	1283
527	2023-09-05T22:47:14.825Z	-0.0023851971889938817	2.8069046648598097	1284
528	2023-09-05T22:47:16.107Z	2.8006147158403745	-0.006357796569689711	1282
529	2023-09-05T22:47:17.392Z	-0.0023851971889938817	2.8082288646533753	1285
530	2023-09-05T22:47:18.674Z	2.80193891563394	-0.007019896466472497	1282
531	2023-09-05T22:47:19.959Z	-0.00337834703416795	2.8062425649630267	1285
532	2023-09-05T22:47:21.242Z	2.801276815737157	-0.007350946414863779	1283
533	2023-09-05T22:47:22.527Z	-0.0010609973954285312	2.807235714808201	1285
534	2023-09-05T22:47:23.811Z	2.802932065479114	-0.006688846518081215	1284
535	2023-09-05T22:47:25.095Z	-0.0007299474470372491	2.8065736149114184	1284
536	2023-09-05T22:47:26.378Z	2.801276815737157	-0.005364646724515865	1283
537	2023-09-05T22:47:27.663Z	-0.0010609973954285312	2.8082288646533753	1285
538	2023-09-05T22:47:28.947Z	2.8006147158403745	-0.005695696672907147	1284
539	2023-09-05T22:47:30.232Z	-0.0017230972922113175	2.8078978147049836	1285
540	2023-09-05T22:47:31.516Z	2.8016078656855488	-0.007019896466472497	1284
541	2023-09-05T22:47:32.801Z	-0.003047297085776446	2.8065736149114184	1285
542	2023-09-05T22:47:34.084Z	2.80193891563394	-0.008344096260037848	1283
543	2023-09-05T22:47:35.368Z	-0.0020541472406025996	2.807235714808201	1284
544	2023-09-05T22:47:36.653Z	2.80193891563394	-0.006357796569689711	1285
545	2023-09-05T22:47:37.938Z	-0.00006784755025468492	2.8069046648598097	1285
546	2023-09-05T22:47:39.222Z	2.801276815737157	-0.007350946414863779	1284
547	2023-09-05T22:47:40.508Z	-0.0020541472406025996	2.8065736149114184	1286
548	2023-09-05T22:47:41.793Z	2.801276815737157	-0.007681996363255061	1285
549	2023-09-05T22:47:43.076Z	-0.0013920473438198133	2.807235714808201	1283
550	2023-09-05T22:47:44.361Z	2.800283665891983	-0.0050335967761245826	1285
551	2023-09-05T22:47:45.646Z	-0.00006784755025468492	2.807235714808201	1285
552	2023-09-05T22:47:46.930Z	2.800283665891983	-0.006026746621298429	1284
553	2023-09-05T22:47:48.217Z	-0.0010609973954285312	2.8065736149114184	1287
554	2023-09-05T22:47:49.500Z	2.8009457657887658	-0.00867514620842913	1283
555	2023-09-05T22:47:50.785Z	-0.0023851971889938817	2.8082288646533753	1285
556	2023-09-05T22:47:52.068Z	2.8026010155307226	-0.006357796569689711	1283
557	2023-09-05T22:47:53.353Z	-0.00006784755025468492	2.8069046648598097	1285
558	2023-09-05T22:47:54.637Z	2.8016078656855488	-0.007350946414863779	1284
559	2023-09-05T22:47:55.922Z	-0.0020541472406025996	2.807235714808201	1285
560	2023-09-05T22:47:57.207Z	2.801276815737157	-0.008013046311646344	1285
561	2023-09-05T22:47:58.491Z	-0.000398897498645967	2.8065736149114184	1284
562	2023-09-05T22:47:59.776Z	2.8016078656855488	-0.007350946414863779	1285
563	2023-09-05T22:48:01.060Z	-0.0027162471373851638	2.805580465066244	1284
564	2023-09-05T22:48:02.344Z	2.8022699655823313	-0.007350946414863779	1284
565	2023-09-05T22:48:03.629Z	-0.0020541472406025996	2.8078978147049836	1285
566	2023-09-05T22:48:04.913Z	2.8035941653758965	-0.005695696672907147	1284
567	2023-09-05T22:48:06.198Z	-0.0007299474470372491	2.8062425649630267	1285
568	2023-09-05T22:48:07.481Z	2.8026010155307226	-0.0050335967761245826	1283
569	2023-09-05T22:48:08.765Z	-0.0013920473438198133	2.8065736149114184	1284
570	2023-09-05T22:48:10.048Z	2.80193891563394	-0.007019896466472497	1283
571	2023-09-05T22:48:11.333Z	-0.0017230972922113175	2.8059115150146354	1285
572	2023-09-05T22:48:12.617Z	2.8006147158403745	-0.008013046311646344	1284
573	2023-09-05T22:48:13.901Z	-0.0013920473438198133	2.8065736149114184	1284
574	2023-09-05T22:48:15.184Z	2.801276815737157	-0.005695696672907147	1283
575	2023-09-05T22:48:16.470Z	-0.0007299474470372491	2.808890964550158	1286
576	2023-09-05T22:48:17.753Z	2.802932065479114	-0.006688846518081215	1283
577	2023-09-05T22:48:19.037Z	-0.0027162471373851638	2.8049183651694616	1284
578	2023-09-05T22:48:20.320Z	2.8035941653758965	-0.005364646724515865	1283
579	2023-09-05T22:48:21.605Z	-0.0007299474470372491	2.8078978147049836	1285
580	2023-09-05T22:48:22.887Z	2.803263115427505	-0.006688846518081215	1282
581	2023-09-05T22:48:24.172Z	-0.0010609973954285312	2.807235714808201	1285
582	2023-09-05T22:48:25.456Z	2.801276815737157	-0.005364646724515865	1284
583	2023-09-05T22:48:26.740Z	-0.0007299474470372491	2.8075667647565923	1284
584	2023-09-05T22:48:28.022Z	2.7996215659952	-0.006026746621298429	1282
585	2023-09-05T22:48:29.306Z	-0.0017230972922113175	2.8075667647565923	1284
586	2023-09-05T22:48:30.590Z	2.803263115427505	-0.008013046311646344	1284
587	2023-09-05T22:48:31.874Z	-0.0020541472406025996	2.8069046648598097	1284
588	2023-09-05T22:48:33.158Z	2.804256265272679	-0.006688846518081215	1284
589	2023-09-05T22:48:34.444Z	-0.0020541472406025996	2.807235714808201	1286
590	2023-09-05T22:48:35.727Z	2.8016078656855488	-0.006688846518081215	1283
591	2023-09-05T22:48:37.014Z	-0.0017230972922113175	2.8059115150146354	1287
592	2023-09-05T22:48:38.297Z	2.8009457657887658	-0.005695696672907147	1283
593	2023-09-05T22:48:39.582Z	-0.0017230972922113175	2.8075667647565923	1285
594	2023-09-05T22:48:40.866Z	2.8026010155307226	-0.007019896466472497	1284
595	2023-09-05T22:48:42.151Z	-0.0010609973954285312	2.805249415117853	1285
596	2023-09-05T22:48:43.435Z	2.801276815737157	-0.008013046311646344	1284
597	2023-09-05T22:48:44.720Z	-0.0020541472406025996	2.8059115150146354	1285
598	2023-09-05T22:48:46.004Z	2.800283665891983	-0.006688846518081215	1284
599	2023-09-05T22:48:47.288Z	-0.000398897498645967	2.807235714808201	1284
600	2023-09-05T22:48:48.572Z	2.8035941653758965	-0.006357796569689711	1284
601	2023-09-05T22:48:49.857Z	-0.0013920473438198133	2.8059115150146354	1285
602	2023-09-05T22:48:51.141Z	2.8016078656855488	-0.006357796569689711	1284
603	2023-09-05T22:48:52.427Z	-0.0020541472406025996	2.8069046648598097	1286
604	2023-09-05T22:48:53.712Z	2.803263115427505	-0.006688846518081215	1285
605	2023-09-05T22:48:54.997Z	-0.0010609973954285312	2.8059115150146354	1285
606	2023-09-05T22:48:56.281Z	2.8016078656855488	-0.005695696672907147	1284
607	2023-09-05T22:48:57.565Z	-0.0020541472406025996	2.8065736149114184	1284
608	2023-09-05T22:48:58.849Z	2.8026010155307226	-0.006357796569689711	1284
609	2023-09-05T22:49:00.134Z	-0.0013920473438198133	2.807235714808201	1285
610	2023-09-05T22:49:01.417Z	2.801276815737157	-0.005364646724515865	1283
611	2023-09-05T22:49:02.702Z	-0.0017230972922113175	2.8085599146017666	1285
612	2023-09-05T22:49:03.985Z	2.8026010155307226	-0.006026746621298429	1283
613	2023-09-05T22:49:05.269Z	-0.0020541472406025996	2.8075667647565923	1284
614	2023-09-05T22:49:06.553Z	2.80193891563394	-0.00867514620842913	1284
615	2023-09-05T22:49:07.837Z	-0.003047297085776446	2.8085599146017666	1284
616	2023-09-05T22:49:09.120Z	2.80193891563394	-0.005695696672907147	1283
617	2023-09-05T22:49:10.406Z	-0.0027162471373851638	2.8078978147049836	1286
618	2023-09-05T22:49:11.690Z	2.801276815737157	-0.008344096260037848	1284
619	2023-09-05T22:49:12.974Z	-0.0017230972922113175	2.8065736149114184	1284
620	2023-09-05T22:49:14.258Z	2.802932065479114	-0.006688846518081215	1284
621	2023-09-05T22:49:15.544Z	-0.0020541472406025996	2.8069046648598097	1286
622	2023-09-05T22:49:16.827Z	2.8026010155307226	-0.007350946414863779	1283
623	2023-09-05T22:49:18.113Z	-0.0007299474470372491	2.807235714808201	1286
624	2023-09-05T22:49:19.397Z	2.8026010155307226	-0.007019896466472497	1284
625	2023-09-05T22:49:20.680Z	-0.0013920473438198133	2.807235714808201	1283
626	2023-09-05T22:49:21.964Z	2.8026010155307226	-0.007681996363255061	1284
627	2023-09-05T22:49:23.249Z	-0.0007299474470372491	2.8078978147049836	1285
628	2023-09-05T22:49:24.533Z	2.801276815737157	-0.007350946414863779	1284
629	2023-09-05T22:49:25.817Z	-0.0017230972922113175	2.8078978147049836	1284
630	2023-09-05T22:49:27.102Z	2.800283665891983	-0.007681996363255061	1285
631	2023-09-05T22:49:28.386Z	-0.0010609973954285312	2.805249415117853	1284
632	2023-09-05T22:49:29.671Z	2.799952615943592	-0.005695696672907147	1285
633	2023-09-05T22:49:30.955Z	-0.0010609973954285312	2.8078978147049836	1284
634	2023-09-05T22:49:32.239Z	2.7996215659952	-0.005364646724515865	1284
635	2023-09-05T22:49:33.526Z	-0.000398897498645967	2.8065736149114184	1287
636	2023-09-05T22:49:34.809Z	2.8006147158403745	-0.006688846518081215	1283
637	2023-09-05T22:49:36.095Z	0.0002632023981368192	2.8075667647565923	1286
638	2023-09-05T22:49:37.377Z	2.8006147158403745	-0.006026746621298429	1282
639	2023-09-05T22:49:38.662Z	-0.0023851971889938817	2.807235714808201	1285
640	2023-09-05T22:49:39.945Z	2.801276815737157	-0.006026746621298429	1283
641	2023-09-05T22:49:41.229Z	-0.0017230972922113175	2.8065736149114184	1284
642	2023-09-05T22:49:42.514Z	2.8035941653758965	-0.007019896466472497	1285
643	2023-09-05T22:49:43.797Z	-0.0007299474470372491	2.8065736149114184	1283
644	2023-09-05T22:49:45.081Z	2.8022699655823313	-0.006688846518081215	1284
645	2023-09-05T22:49:46.366Z	-0.003047297085776446	2.809222014498549	1285
646	2023-09-05T22:49:47.648Z	2.8026010155307226	-0.00867514620842913	1282
647	2023-09-05T22:49:48.933Z	-0.003047297085776446	2.8069046648598097	1285
648	2023-09-05T22:49:50.216Z	2.8022699655823313	-0.006688846518081215	1283
649	2023-09-05T22:49:51.500Z	-0.0013920473438198133	2.8078978147049836	1284
650	2023-09-05T22:49:52.782Z	2.8022699655823313	-0.005695696672907147	1282
651	2023-09-05T22:49:54.067Z	-0.0027162471373851638	2.8069046648598097	1285
652	2023-09-05T22:49:55.350Z	2.8016078656855488	-0.005364646724515865	1283
653	2023-09-05T22:49:56.635Z	-0.000398897498645967	2.8069046648598097	1285
654	2023-09-05T22:49:57.918Z	2.8016078656855488	-0.009006196156820412	1283
655	2023-09-05T22:49:59.202Z	-0.0017230972922113175	2.8062425649630267	1284
656	2023-09-05T22:50:00.485Z	2.8035941653758965	-0.006357796569689711	1283
657	2023-09-05T22:50:01.769Z	-0.0010609973954285312	2.807235714808201	1284
658	2023-09-05T22:50:03.052Z	2.8022699655823313	-0.006688846518081215	1283
659	2023-09-05T22:50:04.336Z	-0.003047297085776446	2.8062425649630267	1284
660	2023-09-05T22:50:05.617Z	2.8016078656855488	-0.005695696672907147	1281
661	2023-09-05T22:50:06.902Z	-0.0010609973954285312	2.8059115150146354	1285
662	2023-09-05T22:50:08.184Z	2.8026010155307226	-0.006026746621298429	1282
663	2023-09-05T22:50:09.468Z	-0.000398897498645967	2.8059115150146354	1284
664	2023-09-05T22:50:10.751Z	2.803263115427505	-0.006357796569689711	1283
665	2023-09-05T22:50:12.035Z	-0.003047297085776446	2.8085599146017666	1284
666	2023-09-05T22:50:13.317Z	2.8016078656855488	-0.007019896466472497	1282
667	2023-09-05T22:50:14.600Z	-0.0010609973954285312	2.8065736149114184	1283
668	2023-09-05T22:50:15.883Z	2.8022699655823313	-0.006357796569689711	1283
669	2023-09-05T22:50:17.166Z	-0.0020541472406025996	2.8069046648598097	1283
670	2023-09-05T22:50:18.449Z	2.8026010155307226	-0.004702546827733078	1283
671	2023-09-05T22:50:19.733Z	-0.0013920473438198133	2.8069046648598097	1284
672	2023-09-05T22:50:21.016Z	2.801276815737157	-0.007350946414863779	1283
673	2023-09-05T22:50:22.299Z	-0.0020541472406025996	2.8075667647565923	1283
674	2023-09-05T22:50:23.583Z	2.8009457657887658	-0.005364646724515865	1284
675	2023-09-05T22:50:24.865Z	-0.0013920473438198133	2.8075667647565923	1282
676	2023-09-05T22:50:26.148Z	2.8016078656855488	-0.005364646724515865	1283
677	2023-09-05T22:50:27.432Z	-0.0007299474470372491	2.8069046648598097	1284
678	2023-09-05T22:50:28.715Z	2.8022699655823313	-0.006357796569689711	1283
679	2023-09-05T22:50:30.000Z	-0.0027162471373851638	2.8059115150146354	1285
680	2023-09-05T22:50:31.282Z	2.80193891563394	-0.008344096260037848	1282
681	2023-09-05T22:50:32.566Z	-0.0027162471373851638	2.807235714808201	1284
682	2023-09-05T22:50:33.849Z	2.8016078656855488	-0.008344096260037848	1283
683	2023-09-05T22:50:35.132Z	-0.0017230972922113175	2.8062425649630267	1283
684	2023-09-05T22:50:36.415Z	2.8016078656855488	-0.007681996363255061	1283
685	2023-09-05T22:50:37.700Z	-0.0007299474470372491	2.8065736149114184	1285
686	2023-09-05T22:50:38.983Z	2.8022699655823313	-0.006026746621298429	1283
687	2023-09-05T22:50:40.268Z	-0.003047297085776446	2.8085599146017666	1285
688	2023-09-05T22:50:41.550Z	2.80193891563394	-0.0050335967761245826	1282
689	2023-09-05T22:50:42.834Z	-0.0023851971889938817	2.8065736149114184	1284
690	2023-09-05T22:50:44.117Z	2.80193891563394	-0.005695696672907147	1283
691	2023-09-05T22:50:45.402Z	-0.0020541472406025996	2.807235714808201	1285
692	2023-09-05T22:50:46.685Z	2.8016078656855488	-0.006357796569689711	1283
693	2023-09-05T22:50:47.970Z	-0.0013920473438198133	2.8065736149114184	1285
694	2023-09-05T22:50:49.253Z	2.801276815737157	-0.007019896466472497	1283
695	2023-09-05T22:50:50.537Z	-0.0023851971889938817	2.8062425649630267	1284
696	2023-09-05T22:50:51.821Z	2.8035941653758965	-0.007350946414863779	1284
697	2023-09-05T22:50:53.105Z	-0.0007299474470372491	2.805580465066244	1284
698	2023-09-05T22:50:54.387Z	2.8026010155307226	-0.007350946414863779	1282
699	2023-09-05T22:50:55.672Z	-0.0017230972922113175	2.8069046648598097	1285
700	2023-09-05T22:50:56.955Z	2.801276815737157	-0.008013046311646344	1283
701	2023-09-05T22:50:58.240Z	-0.003709396982559232	2.8059115150146354	1285
702	2023-09-05T22:50:59.523Z	2.8009457657887658	-0.007350946414863779	1283
703	2023-09-05T22:51:00.806Z	-0.0027162471373851638	2.8069046648598097	1283
704	2023-09-05T22:51:02.090Z	2.801276815737157	-0.007350946414863779	1284
705	2023-09-05T22:51:03.373Z	-0.0017230972922113175	2.8082288646533753	1283
706	2023-09-05T22:51:04.657Z	2.80193891563394	-0.007019896466472497	1284
707	2023-09-05T22:51:05.943Z	-0.00006784755025468492	2.807235714808201	1286
708	2023-09-05T22:51:07.227Z	2.80193891563394	-0.006688846518081215	1284
709	2023-09-05T22:51:08.513Z	-0.003047297085776446	2.8078978147049836	1286
710	2023-09-05T22:51:09.796Z	2.8022699655823313	-0.006357796569689711	1283
711	2023-09-05T22:51:11.080Z	-0.0013920473438198133	2.807235714808201	1284
712	2023-09-05T22:51:12.365Z	2.802932065479114	-0.007019896466472497	1285
713	2023-09-05T22:51:13.651Z	-0.0027162471373851638	2.807235714808201	1286
714	2023-09-05T22:51:14.935Z	2.80193891563394	-0.005695696672907147	1284
715	2023-09-05T22:51:16.220Z	-0.0017230972922113175	2.807235714808201	1285
716	2023-09-05T22:51:17.504Z	2.8026010155307226	-0.006026746621298429	1284
717	2023-09-05T22:51:18.788Z	-0.0020541472406025996	2.8082288646533753	1284
718	2023-09-05T22:51:20.072Z	2.8022699655823313	-0.007681996363255061	1284
719	2023-09-05T22:51:21.354Z	-0.0023851971889938817	2.8062425649630267	1282
720	2023-09-05T22:51:22.638Z	2.8006147158403745	-0.006688846518081215	1284
721	2023-09-05T22:51:23.920Z	-0.0017230972922113175	2.8062425649630267	1282
722	2023-09-05T22:51:25.203Z	2.8039252153242877	-0.007350946414863779	1283
723	2023-09-05T22:51:26.487Z	-0.0017230972922113175	2.8069046648598097	1284
724	2023-09-05T22:51:27.771Z	2.80193891563394	-0.006357796569689711	1284
725	2023-09-05T22:51:29.055Z	-0.0027162471373851638	2.808890964550158	1284
726	2023-09-05T22:51:30.340Z	2.8016078656855488	-0.007350946414863779	1285
727	2023-09-05T22:51:31.624Z	-0.0010609973954285312	2.805580465066244	1284
728	2023-09-05T22:51:32.908Z	2.8022699655823313	-0.005695696672907147	1284
729	2023-09-05T22:51:34.240Z	-0.0020541472406025996	2.8069046648598097	1332
730	2023-09-05T22:51:35.480Z	2.8022699655823313	-0.006688846518081215	1240
731	2023-09-05T22:51:36.762Z	-0.000398897498645967	2.8082288646533753	1282
732	2023-09-05T22:51:38.045Z	2.8022699655823313	-0.007019896466472497	1283
733	2023-09-05T22:51:39.329Z	-0.0017230972922113175	2.8069046648598097	1284
734	2023-09-05T22:51:40.613Z	2.8026010155307226	-0.0050335967761245826	1284
735	2023-09-05T22:51:41.896Z	-0.0017230972922113175	2.8059115150146354	1283
736	2023-09-05T22:51:43.180Z	2.80193891563394	-0.006357796569689711	1284
737	2023-09-05T22:51:44.464Z	-0.0023851971889938817	2.808890964550158	1284
738	2023-09-05T22:51:45.748Z	2.8022699655823313	-0.006357796569689711	1284
739	2023-09-05T22:51:47.032Z	-0.0010609973954285312	2.807235714808201	1284
740	2023-09-05T22:51:48.316Z	2.8022699655823313	-0.006688846518081215	1284
741	2023-09-05T22:51:49.600Z	-0.000398897498645967	2.805580465066244	1284
742	2023-09-05T22:51:50.884Z	2.8009457657887658	-0.006688846518081215	1284
743	2023-09-05T22:51:52.167Z	-0.0013920473438198133	2.8069046648598097	1283
744	2023-09-05T22:51:53.451Z	2.8009457657887658	-0.006688846518081215	1284
745	2023-09-05T22:51:54.736Z	-0.000398897498645967	2.8078978147049836	1285
746	2023-09-05T22:51:56.018Z	2.802932065479114	-0.00867514620842913	1282
747	2023-09-05T22:51:57.301Z	-0.0013920473438198133	2.807235714808201	1283
748	2023-09-05T22:51:58.585Z	2.8026010155307226	-0.006357796569689711	1284
749	2023-09-05T22:51:59.869Z	-0.0010609973954285312	2.8069046648598097	1284
750	2023-09-05T22:52:01.151Z	2.801276815737157	-0.006357796569689711	1282
751	2023-09-05T22:52:02.435Z	-0.0023851971889938817	2.8078978147049836	1284
752	2023-09-05T22:52:03.718Z	2.80193891563394	-0.006357796569689711	1283
753	2023-09-05T22:52:05.003Z	-0.0023851971889938817	2.8065736149114184	1285
754	2023-09-05T22:52:06.286Z	2.80193891563394	-0.007350946414863779	1283
755	2023-09-05T22:52:07.569Z	-0.0007299474470372491	2.8098841143953317	1283
756	2023-09-05T22:52:08.853Z	2.802932065479114	-0.007019896466472497	1284
757	2023-09-05T22:52:10.136Z	-0.00337834703416795	2.8059115150146354	1283
758	2023-09-05T22:52:11.419Z	2.8006147158403745	-0.006357796569689711	1283
759	2023-09-05T22:52:12.702Z	-0.0023851971889938817	2.8062425649630267	1283
760	2023-09-05T22:52:13.984Z	2.801276815737157	-0.005695696672907147	1282
761	2023-09-05T22:52:15.267Z	-0.0020541472406025996	2.8082288646533753	1283
762	2023-09-05T22:52:16.549Z	2.8009457657887658	-0.006357796569689711	1282
763	2023-09-05T22:52:17.831Z	-0.00006784755025468492	2.8059115150146354	1282
764	2023-09-05T22:52:19.112Z	2.8016078656855488	-0.006688846518081215	1281
765	2023-09-05T22:52:20.395Z	-0.0023851971889938817	2.8059115150146354	1283
766	2023-09-05T22:52:21.676Z	2.801276815737157	-0.006026746621298429	1281
767	2023-09-05T22:52:22.960Z	0.0009253022949193834	2.8062425649630267	1284
768	2023-09-05T22:52:24.242Z	2.802932065479114	-0.006688846518081215	1282
769	2023-09-05T22:52:25.527Z	-0.00337834703416795	2.8059115150146354	1285
770	2023-09-05T22:52:26.810Z	2.8022699655823313	-0.007681996363255061	1283
771	2023-09-05T22:52:28.094Z	-0.000398897498645967	2.805249415117853	1284
772	2023-09-05T22:52:29.379Z	2.80193891563394	-0.004702546827733078	1285
773	2023-09-05T22:52:30.662Z	-0.0027162471373851638	2.8075667647565923	1283
774	2023-09-05T22:52:31.945Z	2.8026010155307226	-0.007681996363255061	1283
775	2023-09-05T22:52:33.228Z	-0.0027162471373851638	2.805580465066244	1283
776	2023-09-05T22:52:34.511Z	2.80193891563394	-0.005695696672907147	1283
777	2023-09-05T22:52:35.795Z	-0.0010609973954285312	2.8085599146017666	1284
778	2023-09-05T22:52:37.077Z	2.803263115427505	-0.007350946414863779	1282
779	2023-09-05T22:52:38.361Z	-0.0017230972922113175	2.807235714808201	1284
780	2023-09-05T22:52:39.644Z	2.8022699655823313	-0.007019896466472497	1283
781	2023-09-05T22:52:40.928Z	0.0005942523465281013	2.807235714808201	1284
782	2023-09-05T22:52:42.212Z	2.8026010155307226	-0.006688846518081215	1284
783	2023-09-05T22:52:43.497Z	-0.00006784755025468492	2.8075667647565923	1285
784	2023-09-05T22:52:44.782Z	2.8039252153242877	-0.007350946414863779	1285
785	2023-09-05T22:52:46.066Z	-0.0010609973954285312	2.8075667647565923	1284
786	2023-09-05T22:52:47.350Z	2.802932065479114	-0.006357796569689711	1284
787	2023-09-05T22:52:48.633Z	-0.0027162471373851638	2.807235714808201	1283
788	2023-09-05T22:52:49.917Z	2.8016078656855488	-0.006357796569689711	1284
789	2023-09-05T22:52:51.202Z	0.0002632023981368192	2.8059115150146354	1285
790	2023-09-05T22:52:52.485Z	2.8016078656855488	-0.006026746621298429	1283
791	2023-09-05T22:52:53.771Z	-0.0013920473438198133	2.8065736149114184	1286
792	2023-09-05T22:52:55.055Z	2.801276815737157	-0.006357796569689711	1284
793	2023-09-05T22:52:56.340Z	-0.0010609973954285312	2.8062425649630267	1285
794	2023-09-05T22:52:57.624Z	2.80193891563394	-0.006688846518081215	1284
795	2023-09-05T22:52:58.908Z	-0.004040446930950514	2.8078978147049836	1284
796	2023-09-05T22:53:00.192Z	2.8016078656855488	-0.007350946414863779	1284
797	2023-09-05T22:53:01.476Z	-0.0020541472406025996	2.8059115150146354	1284
798	2023-09-05T22:53:02.761Z	2.8009457657887658	-0.008013046311646344	1285
799	2023-09-05T22:53:04.046Z	-0.0013920473438198133	2.807235714808201	1285
800	2023-09-05T22:53:05.330Z	2.801276815737157	-0.005364646724515865	1284
801	2023-09-05T22:53:06.614Z	-0.000398897498645967	2.8082288646533753	1284
802	2023-09-05T22:53:07.896Z	2.8022699655823313	-0.004702546827733078	1282
803	2023-09-05T22:53:09.181Z	-0.0017230972922113175	2.8045873152210703	1285
804	2023-09-05T22:53:10.463Z	2.8006147158403745	-0.006688846518081215	1282
805	2023-09-05T22:53:11.747Z	-0.0020541472406025996	2.807235714808201	1284
806	2023-09-05T22:53:13.032Z	2.802932065479114	-0.005364646724515865	1285
807	2023-09-05T22:53:14.315Z	-0.0013920473438198133	2.8069046648598097	1283
808	2023-09-05T22:53:15.599Z	2.801276815737157	-0.004702546827733078	1284
809	2023-09-05T22:53:16.883Z	-0.003047297085776446	2.8075667647565923	1284
810	2023-09-05T22:53:18.167Z	2.80193891563394	-0.008344096260037848	1284
811	2023-09-05T22:53:19.451Z	-0.00006784755025468492	2.8062425649630267	1284
812	2023-09-05T22:53:20.735Z	2.8006147158403745	-0.006026746621298429	1284
813	2023-09-05T22:53:22.019Z	-0.0013920473438198133	2.8069046648598097	1284
814	2023-09-05T22:53:23.301Z	2.8016078656855488	-0.005695696672907147	1282
815	2023-09-05T22:53:24.587Z	-0.0013920473438198133	2.807235714808201	1286
816	2023-09-05T22:53:25.870Z	2.80193891563394	-0.005364646724515865	1283
817	2023-09-05T22:53:27.153Z	-0.0013920473438198133	2.8078978147049836	1283
818	2023-09-05T22:53:28.437Z	2.802932065479114	-0.007019896466472497	1284
819	2023-09-05T22:53:29.721Z	-0.0010609973954285312	2.8069046648598097	1284
820	2023-09-05T22:53:31.003Z	2.8022699655823313	-0.00867514620842913	1282
821	2023-09-05T22:53:32.287Z	-0.000398897498645967	2.805580465066244	1284
822	2023-09-05T22:53:33.573Z	2.8016078656855488	-0.006688846518081215	1286
823	2023-09-05T22:53:34.856Z	-0.0010609973954285312	2.8075667647565923	1283
824	2023-09-05T22:53:36.140Z	2.8016078656855488	-0.006688846518081215	1284
825	2023-09-05T22:53:37.425Z	-0.003047297085776446	2.8065736149114184	1285
826	2023-09-05T22:53:38.709Z	2.8016078656855488	-0.008013046311646344	1284
827	2023-09-05T22:53:39.992Z	-0.0010609973954285312	2.807235714808201	1283
828	2023-09-05T22:53:41.275Z	2.8009457657887658	-0.007350946414863779	1283
829	2023-09-05T22:53:42.558Z	-0.0023851971889938817	2.8049183651694616	1283
830	2023-09-05T22:53:43.841Z	2.804256265272679	-0.0050335967761245826	1283
831	2023-09-05T22:53:45.126Z	-0.0017230972922113175	2.8082288646533753	1285
832	2023-09-05T22:53:46.409Z	2.80193891563394	-0.007681996363255061	1283
833	2023-09-05T22:53:47.692Z	-0.0020541472406025996	2.8069046648598097	1283
834	2023-09-05T22:53:48.976Z	2.80193891563394	-0.006357796569689711	1284
835	2023-09-05T22:53:50.260Z	-0.0017230972922113175	2.8069046648598097	1284
836	2023-09-05T22:53:51.543Z	2.803263115427505	-0.006357796569689711	1283
837	2023-09-05T22:53:52.829Z	-0.0013920473438198133	2.8069046648598097	1286
838	2023-09-05T22:53:54.112Z	2.801276815737157	-0.006688846518081215	1283
839	2023-09-05T22:53:55.396Z	-0.0013920473438198133	2.8069046648598097	1284
840	2023-09-05T22:53:56.680Z	2.8009457657887658	-0.006026746621298429	1284
841	2023-09-05T22:53:57.963Z	-0.0013920473438198133	2.8069046648598097	1283
842	2023-09-05T22:53:59.246Z	2.80193891563394	-0.006026746621298429	1283
843	2023-09-05T22:54:00.530Z	-0.0013920473438198133	2.8075667647565923	1284
844	2023-09-05T22:54:01.813Z	2.8006147158403745	-0.006357796569689711	1283
845	2023-09-05T22:54:03.096Z	-0.0023851971889938817	2.8075667647565923	1283
846	2023-09-05T22:54:04.378Z	2.801276815737157	-0.006688846518081215	1282
847	2023-09-05T22:54:05.661Z	-0.0023851971889938817	2.807235714808201	1283
848	2023-09-05T22:54:06.943Z	2.8006147158403745	-0.006357796569689711	1282
849	2023-09-05T22:54:08.226Z	-0.0010609973954285312	2.8062425649630267	1283
850	2023-09-05T22:54:09.510Z	2.802932065479114	-0.007019896466472497	1284
851	2023-09-05T22:54:10.794Z	0.0005942523465281013	2.8082288646533753	1284
852	2023-09-05T22:54:12.076Z	2.8009457657887658	-0.005364646724515865	1282
853	2023-09-05T22:54:13.361Z	-0.000398897498645967	2.805249415117853	1285
854	2023-09-05T22:54:14.643Z	2.801276815737157	-0.00867514620842913	1282
855	2023-09-05T22:54:15.927Z	0.0002632023981368192	2.8062425649630267	1284
856	2023-09-05T22:54:17.211Z	2.802932065479114	-0.008013046311646344	1284
857	2023-09-05T22:54:18.495Z	-0.0007299474470372491	2.8062425649630267	1284
858	2023-09-05T22:54:19.777Z	2.8026010155307226	-0.006026746621298429	1282
859	2023-09-05T22:54:21.062Z	-0.0023851971889938817	2.805580465066244	1285
860	2023-09-05T22:54:22.344Z	2.8022699655823313	-0.006688846518081215	1282
861	2023-09-05T22:54:23.629Z	-0.0020541472406025996	2.8065736149114184	1285
862	2023-09-05T22:54:24.913Z	2.8009457657887658	-0.006357796569689711	1284
863	2023-09-05T22:54:26.198Z	-0.0010609973954285312	2.8069046648598097	1285
864	2023-09-05T22:54:27.480Z	2.801276815737157	-0.008013046311646344	1282
865	2023-09-05T22:54:28.761Z	-0.0007299474470372491	2.8069046648598097	1281
866	2023-09-05T22:54:30.043Z	2.8022699655823313	-0.006688846518081215	1282
867	2023-09-05T22:54:31.325Z	0.0005942523465281013	2.8059115150146354	1282
868	2023-09-05T22:54:32.606Z	2.8026010155307226	-0.006026746621298429	1281
869	2023-09-05T22:54:33.889Z	-0.0010609973954285312	2.8078978147049836	1283
870	2023-09-05T22:54:35.169Z	2.8026010155307226	-0.007350946414863779	1280
871	2023-09-05T22:54:36.451Z	-0.0013920473438198133	2.8062425649630267	1282
872	2023-09-05T22:54:37.732Z	2.80193891563394	-0.006688846518081215	1281
873	2023-09-05T22:54:39.014Z	-0.0020541472406025996	2.8062425649630267	1282
874	2023-09-05T22:54:40.296Z	2.8022699655823313	-0.007019896466472497	1282
875	2023-09-05T22:54:41.578Z	-0.0020541472406025996	2.8078978147049836	1282
876	2023-09-05T22:54:42.860Z	2.8009457657887658	-0.006026746621298429	1282
877	2023-09-05T22:54:44.142Z	-0.000398897498645967	2.8078978147049836	1282
878	2023-09-05T22:54:45.423Z	2.8022699655823313	-0.006688846518081215	1281
879	2023-09-05T22:54:46.703Z	-0.0010609973954285312	2.8078978147049836	1280
880	2023-09-05T22:54:47.984Z	2.8026010155307226	-0.006026746621298429	1281
881	2023-09-05T22:54:49.267Z	-0.0020541472406025996	2.8069046648598097	1283
882	2023-09-05T22:54:50.548Z	2.8006147158403745	-0.005364646724515865	1281
883	2023-09-05T22:54:51.829Z	-0.0020541472406025996	2.805580465066244	1281
884	2023-09-05T22:54:53.109Z	2.799952615943592	-0.007350946414863779	1280
885	2023-09-05T22:54:54.391Z	-0.000398897498645967	2.8062425649630267	1282
886	2023-09-05T22:54:55.670Z	2.801276815737157	-0.008344096260037848	1279
887	2023-09-05T22:54:56.954Z	-0.0013920473438198133	2.805580465066244	1284
888	2023-09-05T22:54:58.236Z	2.800283665891983	-0.007019896466472497	1282
889	2023-09-05T22:54:59.519Z	-0.0020541472406025996	2.805249415117853	1283
890	2023-09-05T22:55:00.802Z	2.801276815737157	-0.007350946414863779	1283
891	2023-09-05T22:55:02.085Z	-0.0017230972922113175	2.8069046648598097	1283
892	2023-09-05T22:55:03.367Z	2.8022699655823313	-0.006026746621298429	1282
893	2023-09-05T22:55:04.651Z	-0.0027162471373851638	2.8065736149114184	1284
894	2023-09-05T22:55:05.933Z	2.8039252153242877	-0.007681996363255061	1282
895	2023-09-05T22:55:07.218Z	-0.0007299474470372491	2.8062425649630267	1285
896	2023-09-05T22:55:08.499Z	2.801276815737157	-0.006357796569689711	1281
897	2023-09-05T22:55:09.783Z	-0.0013920473438198133	2.8078978147049836	1284
898	2023-09-05T22:55:11.065Z	2.8022699655823313	-0.007019896466472497	1282
899	2023-09-05T22:55:12.350Z	-0.0010609973954285312	2.805249415117853	1285
900	2023-09-05T22:55:13.632Z	2.8026010155307226	-0.005364646724515865	1282
901	2023-09-05T22:55:14.916Z	-0.0027162471373851638	2.8059115150146354	1284
902	2023-09-05T22:55:16.199Z	2.8022699655823313	-0.007019896466472497	1283
903	2023-09-05T22:55:17.483Z	-0.0017230972922113175	2.8059115150146354	1284
904	2023-09-05T22:55:18.766Z	2.8016078656855488	-0.007681996363255061	1283
905	2023-09-05T22:55:20.050Z	-0.0020541472406025996	2.8078978147049836	1284
906	2023-09-05T22:55:21.334Z	2.8016078656855488	-0.006688846518081215	1284
907	2023-09-05T22:55:22.617Z	-0.0013920473438198133	2.8065736149114184	1283
908	2023-09-05T22:55:23.900Z	2.800283665891983	-0.006688846518081215	1283
909	2023-09-05T22:55:25.183Z	-0.0010609973954285312	2.807235714808201	1283
910	2023-09-05T22:55:26.466Z	2.8022699655823313	-0.007019896466472497	1283
911	2023-09-05T22:55:27.750Z	-0.0027162471373851638	2.8078978147049836	1284
912	2023-09-05T22:55:29.032Z	2.8022699655823313	-0.007350946414863779	1282
913	2023-09-05T22:55:30.317Z	-0.003047297085776446	2.807235714808201	1285
914	2023-09-05T22:55:31.601Z	2.8026010155307226	-0.006688846518081215	1284
915	2023-09-05T22:55:32.885Z	-0.003047297085776446	2.8075667647565923	1284
916	2023-09-05T22:55:34.168Z	2.801276815737157	-0.006357796569689711	1283
917	2023-09-05T22:55:35.452Z	-0.0020541472406025996	2.807235714808201	1284
918	2023-09-05T22:55:36.735Z	2.801276815737157	-0.006357796569689711	1283
919	2023-09-05T22:55:38.018Z	-0.0013920473438198133	2.805249415117853	1283
920	2023-09-05T22:55:39.302Z	2.801276815737157	-0.007350946414863779	1284
921	2023-09-05T22:55:40.586Z	-0.003047297085776446	2.807235714808201	1284
922	2023-09-05T22:55:41.870Z	2.8006147158403745	-0.007350946414863779	1284
923	2023-09-05T22:55:43.155Z	-0.0023851971889938817	2.8069046648598097	1285
924	2023-09-05T22:55:44.438Z	2.8026010155307226	-0.007681996363255061	1283
925	2023-09-05T22:55:45.723Z	-0.0023851971889938817	2.8065736149114184	1285
926	2023-09-05T22:55:47.007Z	2.801276815737157	-0.005364646724515865	1284
927	2023-09-05T22:55:48.292Z	-0.00006784755025468492	2.8049183651694616	1285
928	2023-09-05T22:55:49.577Z	2.801276815737157	-0.006688846518081215	1285
929	2023-09-05T22:55:50.860Z	-0.0010609973954285312	2.8062425649630267	1283
930	2023-09-05T22:55:52.145Z	2.8016078656855488	-0.007019896466472497	1285
931	2023-09-05T22:55:53.430Z	-0.0023851971889938817	2.805580465066244	1285
932	2023-09-05T22:55:54.713Z	2.8009457657887658	-0.008344096260037848	1283
933	2023-09-05T22:55:55.998Z	-0.00337834703416795	2.807235714808201	1285
934	2023-09-05T22:55:57.281Z	2.8016078656855488	-0.006688846518081215	1283
935	2023-09-05T22:55:58.566Z	-0.0023851971889938817	2.807235714808201	1285
936	2023-09-05T22:55:59.850Z	2.801276815737157	-0.007019896466472497	1284
937	2023-09-05T22:56:01.134Z	-0.0020541472406025996	2.805580465066244	1284
938	2023-09-05T22:56:02.417Z	2.80193891563394	-0.007681996363255061	1283
939	2023-09-05T22:56:03.701Z	-0.0010609973954285312	2.807235714808201	1284
940	2023-09-05T22:56:04.984Z	2.8022699655823313	-0.007681996363255061	1283
941	2023-09-05T22:56:06.269Z	-0.0020541472406025996	2.8078978147049836	1285
942	2023-09-05T22:56:07.551Z	2.80193891563394	-0.007350946414863779	1282
943	2023-09-05T22:56:08.836Z	-0.0020541472406025996	2.8075667647565923	1285
944	2023-09-05T22:56:10.119Z	2.8022699655823313	-0.006026746621298429	1283
945	2023-09-05T22:56:11.403Z	0.0009253022949193834	2.804256265272679	1284
946	2023-09-05T22:56:12.687Z	2.80193891563394	-0.006357796569689711	1284
947	2023-09-05T22:56:13.969Z	-0.0013920473438198133	2.8059115150146354	1282
948	2023-09-05T22:56:15.253Z	2.8035941653758965	-0.006026746621298429	1284
949	2023-09-05T22:56:16.538Z	-0.0020541472406025996	2.8062425649630267	1285
950	2023-09-05T22:56:17.821Z	2.801276815737157	-0.005364646724515865	1283
951	2023-09-05T22:56:19.104Z	-0.0017230972922113175	2.807235714808201	1283
952	2023-09-05T22:56:20.389Z	2.8009457657887658	-0.007019896466472497	1285
953	2023-09-05T22:56:21.673Z	-0.0020541472406025996	2.8078978147049836	1284
954	2023-09-05T22:56:22.956Z	2.8009457657887658	-0.006026746621298429	1283
955	2023-09-05T22:56:24.240Z	-0.0010609973954285312	2.807235714808201	1284
956	2023-09-05T22:56:25.523Z	2.80193891563394	-0.006026746621298429	1283
957	2023-09-05T22:56:26.809Z	-0.0010609973954285312	2.8065736149114184	1286
958	2023-09-05T22:56:28.094Z	2.8009457657887658	-0.007019896466472497	1285
959	2023-09-05T22:56:29.378Z	-0.0017230972922113175	2.8065736149114184	1284
960	2023-09-05T22:56:30.661Z	2.8022699655823313	-0.006688846518081215	1283
961	2023-09-05T22:56:31.945Z	-0.0023851971889938817	2.8062425649630267	1284
962	2023-09-05T22:56:33.228Z	2.802932065479114	-0.007681996363255061	1283
963	2023-09-05T22:56:34.509Z	-0.0017230972922113175	2.8045873152210703	1281
964	2023-09-05T22:56:35.791Z	2.8016078656855488	-0.007019896466472497	1282
965	2023-09-05T22:56:37.076Z	-0.0027162471373851638	2.8059115150146354	1285
966	2023-09-05T22:56:38.358Z	2.8026010155307226	-0.006688846518081215	1282
967	2023-09-05T22:56:39.642Z	-0.0013920473438198133	2.8075667647565923	1284
968	2023-09-05T22:56:40.926Z	2.8009457657887658	-0.005364646724515865	1284
969	2023-09-05T22:56:42.211Z	-0.0020541472406025996	2.8062425649630267	1285
970	2023-09-05T22:56:43.494Z	2.8026010155307226	-0.0050335967761245826	1283
971	2023-09-05T22:56:44.777Z	-0.0007299474470372491	2.8049183651694616	1283
972	2023-09-05T22:56:46.060Z	2.803263115427505	-0.006026746621298429	1283
973	2023-09-05T22:56:47.345Z	-0.0023851971889938817	2.807235714808201	1285
974	2023-09-05T22:56:48.629Z	2.8016078656855488	-0.006357796569689711	1284
975	2023-09-05T22:56:49.913Z	-0.0007299474470372491	2.8078978147049836	1284
976	2023-09-05T22:56:51.196Z	2.8049183651694616	-0.007019896466472497	1283
977	2023-09-05T22:56:52.481Z	-0.0017230972922113175	2.8069046648598097	1285
978	2023-09-05T22:56:53.763Z	2.802932065479114	-0.006357796569689711	1282
979	2023-09-05T22:56:55.048Z	-0.003047297085776446	2.808890964550158	1285
980	2023-09-05T22:56:56.331Z	2.8022699655823313	-0.007019896466472497	1283
981	2023-09-05T22:56:57.615Z	-0.00337834703416795	2.8062425649630267	1284
982	2023-09-05T22:56:58.898Z	2.8026010155307226	-0.005695696672907147	1283
983	2023-09-05T22:57:00.183Z	-0.0013920473438198133	2.8059115150146354	1285
984	2023-09-05T22:57:01.467Z	2.8016078656855488	-0.007681996363255061	1284
985	2023-09-05T22:57:02.749Z	-0.0027162471373851638	2.8065736149114184	1282
986	2023-09-05T22:57:04.032Z	2.8016078656855488	-0.007350946414863779	1283
987	2023-09-05T22:57:05.316Z	-0.0010609973954285312	2.8085599146017666	1284
988	2023-09-05T22:57:06.599Z	2.80193891563394	-0.007019896466472497	1283
989	2023-09-05T22:57:07.883Z	-0.0007299474470372491	2.8069046648598097	1284
990	2023-09-05T22:57:09.164Z	2.8006147158403745	-0.008013046311646344	1281
991	2023-09-05T22:57:10.448Z	-0.0017230972922113175	2.8065736149114184	1284
992	2023-09-05T22:57:11.731Z	2.80193891563394	-0.005364646724515865	1283
993	2023-09-05T22:57:13.016Z	-0.0023851971889938817	2.8069046648598097	1285
994	2023-09-05T22:57:14.298Z	2.8022699655823313	-0.008013046311646344	1282
995	2023-09-05T22:57:15.582Z	-0.0017230972922113175	2.8078978147049836	1284
996	2023-09-05T22:57:16.864Z	2.8016078656855488	-0.006357796569689711	1282
997	2023-09-05T22:57:18.148Z	-0.000398897498645967	2.8075667647565923	1284
998	2023-09-05T22:57:19.431Z	2.7996215659952	-0.009006196156820412	1283
999	2023-09-05T22:57:20.715Z	-0.00006784755025468492	2.8078978147049836	1284
1000	2023-09-05T22:57:21.997Z	2.803263115427505	-0.004371496879341796	1282
1001	2023-09-05T22:57:23.282Z	-0.0013920473438198133	2.8062425649630267	1285
1002	2023-09-05T22:57:24.564Z	2.802932065479114	-0.008013046311646344	1282
1003	2023-09-05T22:57:25.849Z	-0.000398897498645967	2.8085599146017666	1285
1004	2023-09-05T22:57:27.133Z	2.8026010155307226	-0.008344096260037848	1284
1005	2023-09-05T22:57:28.418Z	-0.0017230972922113175	2.809222014498549	1285
1006	2023-09-05T22:57:29.701Z	2.8022699655823313	-0.005364646724515865	1283
1007	2023-09-05T22:57:30.983Z	-0.0020541472406025996	2.8059115150146354	1282
1008	2023-09-05T22:57:32.264Z	2.8022699655823313	-0.007019896466472497	1281
1009	2023-09-05T22:57:33.547Z	-0.0017230972922113175	2.8069046648598097	1283
1010	2023-09-05T22:57:34.828Z	2.8035941653758965	-0.006357796569689711	1281
