0	2023-09-05T22:18:16.922Z	2.8026010155307226	-0.0050335967761245826
1	2023-09-05T22:18:18.095Z	-0.0023851971889938817	2.8065736149114184	1173
2	2023-09-05T22:18:19.267Z	2.8016078656855488	-0.006688846518081215	1172
3	2023-09-05T22:18:20.440Z	-0.003047297085776446	2.8082288646533753	1173
4	2023-09-05T22:18:21.612Z	2.801276815737157	-0.006688846518081215	1172
5	2023-09-05T22:18:22.785Z	-0.0023851971889938817	2.8059115150146354	1173
6	2023-09-05T22:18:23.957Z	2.80193891563394	-0.005695696672907147	1172
7	2023-09-05T22:18:25.130Z	-0.0020541472406025996	2.8069046648598097	1173
8	2023-09-05T22:18:26.302Z	2.8016078656855488	-0.006357796569689711	1172
9	2023-09-05T22:18:27.475Z	-0.0023851971889938817	2.8069046648598097	1173
10	2023-09-05T22:18:28.647Z	2.8026010155307226	-0.008013046311646344	1172
11	2023-09-05T22:18:29.821Z	-0.0007299474470372491	2.8065736149114184	1174
12	2023-09-05T22:18:30.993Z	2.8009457657887658	-0.006026746621298429	1172
13	2023-09-05T22:18:32.166Z	-0.0023851971889938817	2.8065736149114184	1173
14	2023-09-05T22:18:33.338Z	2.800283665891983	-0.006688846518081215	1172
15	2023-09-05T22:18:34.511Z	-0.0027162471373851638	2.8059115150146354	1173
16	2023-09-05T22:18:35.683Z	2.8016078656855488	-0.006026746621298429	1172
17	2023-09-05T22:18:36.855Z	-0.0020541472406025996	2.808890964550158	1172
18	2023-09-05T22:18:38.027Z	2.8022699655823313	-0.006357796569689711	1172
19	2023-09-05T22:18:39.199Z	-0.0027162471373851638	2.8065736149114184	1172
20	2023-09-05T22:18:40.370Z	2.802932065479114	-0.006688846518081215	1171
21	2023-09-05T22:18:41.544Z	-0.0027162471373851638	2.8065736149114184	1174
22	2023-09-05T22:18:42.715Z	2.80193891563394	-0.006357796569689711	1171
23	2023-09-05T22:18:43.888Z	-0.0020541472406025996	2.808890964550158	1173
24	2023-09-05T22:18:45.061Z	2.803263115427505	-0.005364646724515865	1173
25	2023-09-05T22:18:46.233Z	-0.0017230972922113175	2.807235714808201	1172
26	2023-09-05T22:18:47.405Z	2.802932065479114	-0.007019896466472497	1172
27	2023-09-05T22:18:48.576Z	-0.0020541472406025996	2.8078978147049836	1171
28	2023-09-05T22:18:49.748Z	2.801276815737157	-0.006026746621298429	1172
29	2023-09-05T22:18:50.921Z	-0.0023851971889938817	2.8075667647565923	1173
30	2023-09-05T22:18:52.093Z	2.8009457657887658	-0.006688846518081215	1172
31	2023-09-05T22:18:53.265Z	-0.00337834703416795	2.8078978147049836	1172
32	2023-09-05T22:18:54.439Z	2.801276815737157	-0.008344096260037848	1174
33	2023-09-05T22:18:55.611Z	-0.0017230972922113175	2.8075667647565923	1172
34	2023-09-05T22:18:56.782Z	2.8026010155307226	-0.008344096260037848	1171
35	2023-09-05T22:18:57.956Z	-0.0013920473438198133	2.8075667647565923	1174
36	2023-09-05T22:18:59.128Z	2.80193891563394	-0.007681996363255061	1172
37	2023-09-05T22:19:00.300Z	-0.0007299474470372491	2.8069046648598097	1172
38	2023-09-05T22:19:01.472Z	2.80193891563394	-0.006357796569689711	1172
39	2023-09-05T22:19:02.646Z	-0.0007299474470372491	2.8062425649630267	1174
40	2023-09-05T22:19:03.818Z	2.8026010155307226	-0.007350946414863779	1172
41	2023-09-05T22:19:04.990Z	-0.000398897498645967	2.8069046648598097	1172
42	2023-09-05T22:19:06.162Z	2.8016078656855488	-0.007681996363255061	1172
43	2023-09-05T22:19:07.336Z	-0.0010609973954285312	2.8069046648598097	1174
44	2023-09-05T22:19:08.509Z	2.8009457657887658	-0.007019896466472497	1173
45	2023-09-05T22:19:09.682Z	-0.00006784755025468492	2.808890964550158	1173
46	2023-09-05T22:19:10.854Z	2.8026010155307226	-0.007681996363255061	1172
47	2023-09-05T22:19:12.027Z	-0.0010609973954285312	2.8078978147049836	1173
48	2023-09-05T22:19:13.199Z	2.803263115427505	-0.007019896466472497	1172
49	2023-09-05T22:19:14.371Z	-0.0010609973954285312	2.8065736149114184	1172
50	2023-09-05T22:19:15.543Z	2.8016078656855488	-0.007019896466472497	1172
51	2023-09-05T22:19:16.717Z	-0.0020541472406025996	2.8069046648598097	1174
52	2023-09-05T22:19:17.891Z	2.8022699655823313	-0.004371496879341796	1174
53	2023-09-05T22:19:19.064Z	-0.000398897498645967	2.8078978147049836	1173
54	2023-09-05T22:19:20.236Z	2.802932065479114	-0.008013046311646344	1172
55	2023-09-05T22:19:21.410Z	-0.00006784755025468492	2.8069046648598097	1174
56	2023-09-05T22:19:22.583Z	2.8022699655823313	-0.006688846518081215	1173
57	2023-09-05T22:19:23.756Z	-0.0020541472406025996	2.8085599146017666	1173
58	2023-09-05T22:19:24.927Z	2.800283665891983	-0.005695696672907147	1171
59	2023-09-05T22:19:26.101Z	-0.0010609973954285312	2.8078978147049836	1174
60	2023-09-05T22:19:27.274Z	2.80193891563394	-0.006026746621298429	1173
61	2023-09-05T22:19:28.447Z	-0.0023851971889938817	2.8059115150146354	1173
62	2023-09-05T22:19:29.618Z	2.8009457657887658	-0.006357796569689711	1171
63	2023-09-05T22:19:30.792Z	-0.0007299474470372491	2.8049183651694616	1174
64	2023-09-05T22:19:31.964Z	2.8022699655823313	-0.006026746621298429	1172
65	2023-09-05T22:19:33.136Z	-0.0013920473438198133	2.805249415117853	1172
66	2023-09-05T22:19:34.307Z	2.800283665891983	-0.007350946414863779	1171
67	2023-09-05T22:19:35.480Z	-0.0013920473438198133	2.805249415117853	1173
68	2023-09-05T22:19:36.653Z	2.8009457657887658	-0.008013046311646344	1173
69	2023-09-05T22:19:37.824Z	-0.000398897498645967	2.807235714808201	1171
70	2023-09-05T22:19:38.996Z	2.801276815737157	-0.006357796569689711	1172
71	2023-09-05T22:19:40.168Z	-0.0020541472406025996	2.8075667647565923	1172
72	2023-09-05T22:19:41.340Z	2.8035941653758965	-0.007019896466472497	1172
73	2023-09-05T22:19:42.516Z	-0.0017230972922113175	2.807235714808201	1176
74	2023-09-05T22:19:43.686Z	2.8006147158403745	-0.004040446930950514	1170
75	2023-09-05T22:19:44.860Z	-0.0017230972922113175	2.805580465066244	1174
76	2023-09-05T22:19:46.033Z	2.80193891563394	-0.007019896466472497	1173
77	2023-09-05T22:19:47.207Z	-0.0020541472406025996	2.8062425649630267	1174
78	2023-09-05T22:19:48.379Z	2.8009457657887658	-0.006357796569689711	1172
79	2023-09-05T22:19:49.552Z	-0.0017230972922113175	2.8065736149114184	1173
80	2023-09-05T22:19:50.724Z	2.8009457657887658	-0.006688846518081215	1172
81	2023-09-05T22:19:51.918Z	-0.0007299474470372491	2.805249415117853	1194
82	2023-09-05T22:19:53.069Z	2.801276815737157	-0.005364646724515865	1151
83	2023-09-05T22:19:54.241Z	-0.0010609973954285312	2.805249415117853	1172
84	2023-09-05T22:19:55.413Z	2.8016078656855488	-0.0050335967761245826	1172
85	2023-09-05T22:19:56.584Z	-0.0013920473438198133	2.8078978147049836	1171
86	2023-09-05T22:19:57.757Z	2.8022699655823313	-0.009337246105211694	1173
87	2023-09-05T22:19:58.928Z	-0.0010609973954285312	2.8065736149114184	1171
88	2023-09-05T22:20:00.100Z	2.801276815737157	-0.006688846518081215	1172
89	2023-09-05T22:20:01.274Z	-0.0010609973954285312	2.8069046648598097	1174
90	2023-09-05T22:20:02.446Z	2.802932065479114	-0.007350946414863779	1172
91	2023-09-05T22:20:03.619Z	-0.0023851971889938817	2.8065736149114184	1173
92	2023-09-05T22:20:04.790Z	2.8009457657887658	-0.006357796569689711	1171
93	2023-09-05T22:20:05.962Z	-0.0020541472406025996	2.8069046648598097	1172
94	2023-09-05T22:20:07.140Z	2.8016078656855488	-0.006026746621298429	1178
95	2023-09-05T22:20:08.306Z	-0.0020541472406025996	2.8069046648598097	1166
96	2023-09-05T22:20:09.478Z	2.8016078656855488	-0.006688846518081215	1172
97	2023-09-05T22:20:10.650Z	-0.0020541472406025996	2.805249415117853	1172
98	2023-09-05T22:20:11.823Z	2.80193891563394	-0.007350946414863779	1173
99	2023-09-05T22:20:12.993Z	-0.0010609973954285312	2.8085599146017666	1170
100	2023-09-05T22:20:14.164Z	2.8016078656855488	-0.006688846518081215	1171
101	2023-09-05T22:20:15.336Z	-0.000398897498645967	2.8062425649630267	1172
102	2023-09-05T22:20:16.508Z	2.8022699655823313	-0.007681996363255061	1172
103	2023-09-05T22:20:17.679Z	-0.003709396982559232	2.8078978147049836	1171
104	2023-09-05T22:20:18.851Z	2.8016078656855488	-0.006357796569689711	1172
105	2023-09-05T22:20:20.022Z	-0.0010609973954285312	2.8059115150146354	1171
106	2023-09-05T22:20:21.192Z	2.8026010155307226	-0.004702546827733078	1170
107	2023-09-05T22:20:22.365Z	-0.0007299474470372491	2.8069046648598097	1173
108	2023-09-05T22:20:23.538Z	2.802932065479114	-0.007350946414863779	1173
109	2023-09-05T22:20:24.713Z	-0.0007299474470372491	2.8082288646533753	1175
110	2023-09-05T22:20:25.883Z	2.801276815737157	-0.008013046311646344	1170
111	2023-09-05T22:20:27.057Z	-0.003047297085776446	2.8069046648598097	1174
112	2023-09-05T22:20:28.233Z	2.8026010155307226	-0.006026746621298429	1176
113	2023-09-05T22:20:29.401Z	-0.0020541472406025996	2.8065736149114184	1168
114	2023-09-05T22:20:30.572Z	2.8035941653758965	-0.006357796569689711	1171
115	2023-09-05T22:20:31.745Z	-0.0020541472406025996	2.8062425649630267	1173
116	2023-09-05T22:20:32.917Z	2.803263115427505	-0.004702546827733078	1172
117	2023-09-05T22:20:34.090Z	-0.0020541472406025996	2.8059115150146354	1173
118	2023-09-05T22:20:35.261Z	2.8022699655823313	-0.006688846518081215	1171
119	2023-09-05T22:20:36.434Z	-0.0010609973954285312	2.8069046648598097	1173
120	2023-09-05T22:20:37.606Z	2.801276815737157	-0.005695696672907147	1172
121	2023-09-05T22:20:38.779Z	-0.0013920473438198133	2.8062425649630267	1173
122	2023-09-05T22:20:39.951Z	2.8006147158403745	-0.006688846518081215	1172
123	2023-09-05T22:20:41.124Z	-0.0017230972922113175	2.8059115150146354	1173
124	2023-09-05T22:20:42.296Z	2.8022699655823313	-0.006688846518081215	1172
125	2023-09-05T22:20:43.469Z	-0.0010609973954285312	2.8065736149114184	1173
126	2023-09-05T22:20:44.642Z	2.8006147158403745	-0.008013046311646344	1173
127	2023-09-05T22:20:45.816Z	-0.0027162471373851638	2.8059115150146354	1174
128	2023-09-05T22:20:46.987Z	2.800283665891983	-0.006357796569689711	1171
129	2023-09-05T22:20:48.161Z	-0.0027162471373851638	2.8069046648598097	1174
130	2023-09-05T22:20:49.332Z	2.803263115427505	-0.007019896466472497	1171
131	2023-09-05T22:20:50.504Z	-0.0027162471373851638	2.8075667647565923	1172
132	2023-09-05T22:20:51.676Z	2.8026010155307226	-0.006357796569689711	1172
133	2023-09-05T22:20:52.850Z	-0.0010609973954285312	2.8078978147049836	1174
134	2023-09-05T22:20:54.022Z	2.8026010155307226	-0.006688846518081215	1172
135	2023-09-05T22:20:55.195Z	-0.0023851971889938817	2.805249415117853	1173
136	2023-09-05T22:20:56.367Z	2.8006147158403745	-0.0050335967761245826	1172
137	2023-09-05T22:20:57.540Z	-0.0013920473438198133	2.8078978147049836	1173
138	2023-09-05T22:20:58.712Z	2.80193891563394	-0.005695696672907147	1172
139	2023-09-05T22:20:59.886Z	-0.0007299474470372491	2.8049183651694616	1174
140	2023-09-05T22:21:01.057Z	2.8026010155307226	-0.005364646724515865	1171
141	2023-09-05T22:21:02.230Z	-0.0020541472406025996	2.8075667647565923	1173
142	2023-09-05T22:21:03.402Z	2.8026010155307226	-0.007019896466472497	1172
143	2023-09-05T22:21:04.575Z	-0.0010609973954285312	2.8062425649630267	1173
144	2023-09-05T22:21:05.747Z	2.801276815737157	-0.006688846518081215	1172
145	2023-09-05T22:21:06.921Z	-0.0010609973954285312	2.8078978147049836	1174
146	2023-09-05T22:21:08.092Z	2.801276815737157	-0.007681996363255061	1171
147	2023-09-05T22:21:09.266Z	-0.0017230972922113175	2.807235714808201	1174
148	2023-09-05T22:21:10.438Z	2.8006147158403745	-0.007019896466472497	1172
149	2023-09-05T22:21:11.611Z	-0.000398897498645967	2.808890964550158	1173
150	2023-09-05T22:21:12.783Z	2.8022699655823313	-0.007681996363255061	1172
151	2023-09-05T22:21:13.956Z	-0.0013920473438198133	2.8069046648598097	1173
152	2023-09-05T22:21:15.128Z	2.801276815737157	-0.006357796569689711	1172
153	2023-09-05T22:21:16.302Z	-0.0023851971889938817	2.8062425649630267	1174
154	2023-09-05T22:21:17.473Z	2.8016078656855488	-0.006026746621298429	1171
155	2023-09-05T22:21:18.648Z	-0.0020541472406025996	2.8075667647565923	1175
156	2023-09-05T22:21:19.818Z	2.80193891563394	-0.007019896466472497	1170
157	2023-09-05T22:21:20.991Z	-0.0010609973954285312	2.805580465066244	1173
158	2023-09-05T22:21:22.163Z	2.8016078656855488	-0.006688846518081215	1172
159	2023-09-05T22:21:23.337Z	-0.0010609973954285312	2.8069046648598097	1174
160	2023-09-05T22:21:24.508Z	2.8016078656855488	-0.007350946414863779	1171
161	2023-09-05T22:21:25.681Z	-0.0017230972922113175	2.8065736149114184	1173
162	2023-09-05T22:21:26.852Z	2.80193891563394	-0.006688846518081215	1171
163	2023-09-05T22:21:28.025Z	-0.0007299474470372491	2.8065736149114184	1173
164	2023-09-05T22:21:29.197Z	2.8026010155307226	-0.007019896466472497	1172
165	2023-09-05T22:21:30.369Z	-0.0010609973954285312	2.807235714808201	1172
166	2023-09-05T22:21:31.540Z	2.8026010155307226	-0.007350946414863779	1171
167	2023-09-05T22:21:32.713Z	-0.0027162471373851638	2.8085599146017666	1173
168	2023-09-05T22:21:33.884Z	2.80193891563394	-0.007350946414863779	1171
169	2023-09-05T22:21:35.057Z	-0.0020541472406025996	2.8059115150146354	1173
170	2023-09-05T22:21:36.230Z	2.8022699655823313	-0.0050335967761245826	1173
171	2023-09-05T22:21:37.402Z	-0.0013920473438198133	2.8069046648598097	1172
172	2023-09-05T22:21:38.576Z	2.801276815737157	-0.006688846518081215	1174
173	2023-09-05T22:21:39.747Z	-0.003047297085776446	2.8065736149114184	1171
174	2023-09-05T22:21:40.919Z	2.802932065479114	-0.006688846518081215	1172
175	2023-09-05T22:21:42.093Z	-0.0020541472406025996	2.8069046648598097	1174
176	2023-09-05T22:21:43.265Z	2.8016078656855488	-0.007019896466472497	1172
177	2023-09-05T22:21:44.438Z	-0.003047297085776446	2.805249415117853	1173
178	2023-09-05T22:21:45.610Z	2.8009457657887658	-0.007019896466472497	1172
179	2023-09-05T22:21:46.785Z	0.0002632023981368192	2.8065736149114184	1175
180	2023-09-05T22:21:47.956Z	2.80193891563394	-0.007019896466472497	1171
181	2023-09-05T22:21:49.129Z	-0.0017230972922113175	2.8065736149114184	1173
182	2023-09-05T22:21:50.309Z	2.8016078656855488	-0.007019896466472497	1180
183	2023-09-05T22:21:51.472Z	-0.0010609973954285312	2.8065736149114184	1163
184	2023-09-05T22:21:52.643Z	2.803263115427505	-0.006357796569689711	1171
185	2023-09-05T22:21:53.817Z	0.0005942523465281013	2.8065736149114184	1174
186	2023-09-05T22:21:54.989Z	2.8026010155307226	-0.007350946414863779	1172
187	2023-09-05T22:21:56.163Z	-0.0013920473438198133	2.8065736149114184	1174
188	2023-09-05T22:21:57.336Z	2.8035941653758965	-0.00867514620842913	1173
189	2023-09-05T22:21:58.509Z	-0.0023851971889938817	2.8085599146017666	1173
190	2023-09-05T22:21:59.682Z	2.8022699655823313	-0.007681996363255061	1173
191	2023-09-05T22:22:00.854Z	-0.0027162471373851638	2.805249415117853	1172
192	2023-09-05T22:22:02.026Z	2.8006147158403745	-0.007350946414863779	1172
193	2023-09-05T22:22:03.200Z	-0.00006784755025468492	2.8065736149114184	1174
194	2023-09-05T22:22:04.372Z	2.8039252153242877	-0.006357796569689711	1172
195	2023-09-05T22:22:05.546Z	-0.0017230972922113175	2.8069046648598097	1174
196	2023-09-05T22:22:06.718Z	2.80193891563394	-0.007350946414863779	1172
197	2023-09-05T22:22:07.891Z	-0.000398897498645967	2.8069046648598097	1173
198	2023-09-05T22:22:09.063Z	2.8026010155307226	-0.006688846518081215	1172
199	2023-09-05T22:22:10.236Z	-0.0020541472406025996	2.8069046648598097	1173
200	2023-09-05T22:22:11.407Z	2.8026010155307226	-0.008013046311646344	1171
201	2023-09-05T22:22:12.581Z	-0.0020541472406025996	2.807235714808201	1174
202	2023-09-05T22:22:13.753Z	2.802932065479114	-0.006026746621298429	1172
203	2023-09-05T22:22:14.925Z	-0.0013920473438198133	2.8069046648598097	1172
204	2023-09-05T22:22:16.097Z	2.8039252153242877	-0.008013046311646344	1172
205	2023-09-05T22:22:17.269Z	0.0012563522433106655	2.8075667647565923	1172
206	2023-09-05T22:22:18.441Z	2.8016078656855488	-0.006688846518081215	1172
207	2023-09-05T22:22:19.613Z	-0.00337834703416795	2.8082288646533753	1172
208	2023-09-05T22:22:20.786Z	2.80193891563394	-0.007681996363255061	1173
209	2023-09-05T22:22:21.960Z	-0.0007299474470372491	2.8082288646533753	1174
210	2023-09-05T22:22:23.131Z	2.8016078656855488	-0.008013046311646344	1171
211	2023-09-05T22:22:24.304Z	-0.0017230972922113175	2.8069046648598097	1173
212	2023-09-05T22:22:25.476Z	2.8009457657887658	-0.006688846518081215	1172
213	2023-09-05T22:22:26.650Z	-0.0023851971889938817	2.8062425649630267	1174
214	2023-09-05T22:22:27.822Z	2.8016078656855488	-0.007681996363255061	1172
215	2023-09-05T22:22:28.996Z	-0.0017230972922113175	2.8065736149114184	1174
216	2023-09-05T22:22:30.168Z	2.80193891563394	-0.008013046311646344	1172
217	2023-09-05T22:22:31.342Z	-0.0017230972922113175	2.8075667647565923	1174
218	2023-09-05T22:22:32.515Z	2.8016078656855488	-0.006026746621298429	1173
219	2023-09-05T22:22:33.687Z	-0.0023851971889938817	2.8062425649630267	1172
220	2023-09-05T22:22:34.860Z	2.8016078656855488	-0.008013046311646344	1173
221	2023-09-05T22:22:36.033Z	-0.00337834703416795	2.805249415117853	1173
222	2023-09-05T22:22:37.205Z	2.800283665891983	-0.007019896466472497	1172
223	2023-09-05T22:22:38.378Z	-0.0017230972922113175	2.8075667647565923	1173
224	2023-09-05T22:22:39.552Z	2.8026010155307226	-0.007019896466472497	1174
225	2023-09-05T22:22:40.725Z	-0.000398897498645967	2.805580465066244	1173
226	2023-09-05T22:22:41.897Z	2.802932065479114	-0.006026746621298429	1172
227	2023-09-05T22:22:43.071Z	-0.00006784755025468492	2.8069046648598097	1174
228	2023-09-05T22:22:44.243Z	2.8039252153242877	-0.006357796569689711	1172
229	2023-09-05T22:22:45.418Z	-0.0007299474470372491	2.8075667647565923	1175
230	2023-09-05T22:22:46.590Z	2.8022699655823313	-0.006688846518081215	1172
231	2023-09-05T22:22:47.764Z	-0.003047297085776446	2.8069046648598097	1174
232	2023-09-05T22:22:48.935Z	2.8026010155307226	-0.006688846518081215	1171
233	2023-09-05T22:22:50.109Z	0.0002632023981368192	2.8062425649630267	1174
234	2023-09-05T22:22:51.281Z	2.80193891563394	-0.004702546827733078	1172
235	2023-09-05T22:22:52.455Z	-0.0020541472406025996	2.807235714808201	1174
236	2023-09-05T22:22:53.628Z	2.801276815737157	-0.006688846518081215	1173
237	2023-09-05T22:22:54.802Z	-0.0007299474470372491	2.807235714808201	1174
238	2023-09-05T22:22:55.975Z	2.8022699655823313	-0.006357796569689711	1173
239	2023-09-05T22:22:57.149Z	-0.0027162471373851638	2.8075667647565923	1174
240	2023-09-05T22:22:58.321Z	2.802932065479114	-0.006357796569689711	1172
241	2023-09-05T22:22:59.493Z	-0.000398897498645967	2.8085599146017666	1172
242	2023-09-05T22:23:00.666Z	2.8006147158403745	-0.008344096260037848	1173
243	2023-09-05T22:23:01.841Z	-0.0017230972922113175	2.8065736149114184	1175
244	2023-09-05T22:23:03.014Z	2.8006147158403745	-0.006026746621298429	1173
245	2023-09-05T22:23:04.184Z	-0.0017230972922113175	2.805249415117853	1170
246	2023-09-05T22:23:05.358Z	2.8026010155307226	-0.004702546827733078	1174
247	2023-09-05T22:23:06.531Z	-0.003047297085776446	2.805580465066244	1173
248	2023-09-05T22:23:07.704Z	2.801276815737157	-0.006026746621298429	1173
249	2023-09-05T22:23:08.877Z	-0.000398897498645967	2.8069046648598097	1173
250	2023-09-05T22:23:10.049Z	2.8016078656855488	-0.007019896466472497	1172
251	2023-09-05T22:23:11.222Z	-0.0013920473438198133	2.8069046648598097	1173
252	2023-09-05T22:23:12.394Z	2.8026010155307226	-0.006688846518081215	1172
253	2023-09-05T22:23:13.567Z	-0.0007299474470372491	2.8075667647565923	1173
254	2023-09-05T22:23:14.740Z	2.8016078656855488	-0.006688846518081215	1173
255	2023-09-05T22:23:15.913Z	-0.003047297085776446	2.8082288646533753	1173
256	2023-09-05T22:23:17.085Z	2.80193891563394	-0.005695696672907147	1172
257	2023-09-05T22:23:18.259Z	-0.0020541472406025996	2.8065736149114184	1174
258	2023-09-05T22:23:19.431Z	2.80193891563394	-0.007019896466472497	1172
259	2023-09-05T22:23:20.604Z	-0.0007299474470372491	2.807235714808201	1173
260	2023-09-05T22:23:21.777Z	2.801276815737157	-0.005364646724515865	1173
261	2023-09-05T22:23:22.949Z	-0.0027162471373851638	2.8069046648598097	1172
262	2023-09-05T22:23:24.121Z	2.799952615943592	-0.008013046311646344	1172
263	2023-09-05T22:23:25.296Z	-0.0017230972922113175	2.807235714808201	1175
264	2023-09-05T22:23:26.468Z	2.80193891563394	-0.0050335967761245826	1172
265	2023-09-05T22:23:27.642Z	-0.0023851971889938817	2.8078978147049836	1174
266	2023-09-05T22:23:28.814Z	2.8016078656855488	-0.008013046311646344	1172
267	2023-09-05T22:23:29.988Z	-0.0007299474470372491	2.807235714808201	1174
268	2023-09-05T22:23:31.159Z	2.8022699655823313	-0.007350946414863779	1171
269	2023-09-05T22:23:32.331Z	-0.0007299474470372491	2.8069046648598097	1172
270	2023-09-05T22:23:33.504Z	2.801276815737157	-0.008013046311646344	1173
271	2023-09-05T22:23:34.678Z	-0.0017230972922113175	2.807235714808201	1174
272	2023-09-05T22:23:35.850Z	2.8026010155307226	-0.006688846518081215	1172
273	2023-09-05T22:23:37.025Z	-0.0013920473438198133	2.805249415117853	1175
274	2023-09-05T22:23:38.194Z	2.802932065479114	-0.006357796569689711	1169
275	2023-09-05T22:23:39.367Z	-0.0007299474470372491	2.8059115150146354	1173
276	2023-09-05T22:23:40.540Z	2.8009457657887658	-0.006688846518081215	1173
277	2023-09-05T22:23:41.713Z	-0.0017230972922113175	2.8069046648598097	1173
278	2023-09-05T22:23:42.886Z	2.803263115427505	-0.007681996363255061	1173
279	2023-09-05T22:23:44.059Z	-0.0013920473438198133	2.8069046648598097	1173
280	2023-09-05T22:23:45.233Z	2.801276815737157	-0.006357796569689711	1174
281	2023-09-05T22:23:46.405Z	-0.0020541472406025996	2.8062425649630267	1172
282	2023-09-05T22:23:47.577Z	2.80193891563394	-0.006026746621298429	1172
283	2023-09-05T22:23:48.751Z	-0.0020541472406025996	2.8069046648598097	1174
284	2023-09-05T22:23:49.924Z	2.80193891563394	-0.006357796569689711	1173
285	2023-09-05T22:23:51.098Z	-0.0017230972922113175	2.807235714808201	1174
286	2023-09-05T22:23:52.270Z	2.801276815737157	-0.006688846518081215	1172
287	2023-09-05T22:23:53.445Z	-0.0027162471373851638	2.805580465066244	1175
288	2023-09-05T22:23:54.617Z	2.802932065479114	-0.003709396982559232	1172
289	2023-09-05T22:23:55.791Z	-0.000398897498645967	2.8075667647565923	1174
290	2023-09-05T22:23:56.964Z	2.8016078656855488	-0.005695696672907147	1173
291	2023-09-05T22:23:58.137Z	-0.0007299474470372491	2.808890964550158	1173
292	2023-09-05T22:23:59.310Z	2.8035941653758965	-0.008013046311646344	1173
293	2023-09-05T22:24:00.484Z	-0.0017230972922113175	2.8062425649630267	1174
294	2023-09-05T22:24:01.658Z	2.8026010155307226	-0.007681996363255061	1174
295	2023-09-05T22:24:02.832Z	-0.000398897498645967	2.805249415117853	1174
296	2023-09-05T22:24:04.004Z	2.8022699655823313	-0.007019896466472497	1172
297	2023-09-05T22:24:05.178Z	-0.0013920473438198133	2.8065736149114184	1174
298	2023-09-05T22:24:06.350Z	2.8022699655823313	-0.007019896466472497	1172
299	2023-09-05T22:24:07.525Z	-0.0017230972922113175	2.8082288646533753	1175
300	2023-09-05T22:24:08.697Z	2.8016078656855488	-0.006026746621298429	1172
301	2023-09-05T22:24:09.870Z	-0.0013920473438198133	2.8062425649630267	1173
302	2023-09-05T22:24:11.043Z	2.801276815737157	-0.007019896466472497	1173
303	2023-09-05T22:24:12.215Z	0.0002632023981368192	2.8078978147049836	1172
304	2023-09-05T22:24:13.387Z	2.8039252153242877	-0.007350946414863779	1172
305	2023-09-05T22:24:14.561Z	-0.0017230972922113175	2.8078978147049836	1174
306	2023-09-05T22:24:15.733Z	2.800283665891983	-0.007350946414863779	1172
307	2023-09-05T22:24:16.908Z	-0.0017230972922113175	2.8049183651694616	1175
308	2023-09-05T22:24:18.079Z	2.8016078656855488	-0.007019896466472497	1171
309	2023-09-05T22:24:19.254Z	-0.00006784755025468492	2.805249415117853	1175
310	2023-09-05T22:24:20.426Z	2.8022699655823313	-0.006688846518081215	1172
311	2023-09-05T22:24:21.600Z	-0.0007299474470372491	2.8075667647565923	1174
312	2023-09-05T22:24:22.772Z	2.80193891563394	-0.006026746621298429	1172
313	2023-09-05T22:24:23.945Z	-0.0007299474470372491	2.8065736149114184	1173
314	2023-09-05T22:24:25.117Z	2.80193891563394	-0.006026746621298429	1172
315	2023-09-05T22:24:26.291Z	-0.0013920473438198133	2.8065736149114184	1174
316	2023-09-05T22:24:27.464Z	2.8016078656855488	-0.00867514620842913	1173
317	2023-09-05T22:24:28.639Z	-0.003047297085776446	2.8065736149114184	1175
318	2023-09-05T22:24:29.812Z	2.80193891563394	-0.00867514620842913	1173
319	2023-09-05T22:24:30.986Z	-0.0010609973954285312	2.8082288646533753	1174
320	2023-09-05T22:24:32.157Z	2.7996215659952	-0.007350946414863779	1171
321	2023-09-05T22:24:33.330Z	-0.0013920473438198133	2.8059115150146354	1173
322	2023-09-05T22:24:34.499Z	2.80193891563394	-0.006357796569689711	1169
323	2023-09-05T22:24:35.672Z	-0.0007299474470372491	2.8082288646533753	1173
324	2023-09-05T22:24:36.846Z	2.801276815737157	-0.005364646724515865	1174
325	2023-09-05T22:24:38.019Z	-0.0023851971889938817	2.8075667647565923	1173
326	2023-09-05T22:24:39.190Z	2.8022699655823313	-0.007681996363255061	1171
327	2023-09-05T22:24:40.363Z	-0.0013920473438198133	2.8062425649630267	1173
328	2023-09-05T22:24:41.536Z	2.803263115427505	-0.005695696672907147	1173
329	2023-09-05T22:24:42.709Z	-0.0027162471373851638	2.8075667647565923	1173
330	2023-09-05T22:24:43.880Z	2.8009457657887658	-0.0050335967761245826	1171
331	2023-09-05T22:24:45.053Z	-0.0017230972922113175	2.8078978147049836	1173
332	2023-09-05T22:24:46.225Z	2.802932065479114	-0.007681996363255061	1172
333	2023-09-05T22:24:47.400Z	-0.0023851971889938817	2.807235714808201	1175
334	2023-09-05T22:24:48.573Z	2.801276815737157	-0.006357796569689711	1173
335	2023-09-05T22:24:49.747Z	-0.0023851971889938817	2.8062425649630267	1174
336	2023-09-05T22:24:50.919Z	2.801276815737157	-0.006688846518081215	1172
337	2023-09-05T22:24:52.093Z	-0.0007299474470372491	2.8078978147049836	1174
338	2023-09-05T22:24:53.266Z	2.8016078656855488	-0.005364646724515865	1173
339	2023-09-05T22:24:54.440Z	-0.0010609973954285312	2.8065736149114184	1174
340	2023-09-05T22:24:55.612Z	2.80193891563394	-0.007350946414863779	1172
341	2023-09-05T22:24:56.786Z	-0.000398897498645967	2.8065736149114184	1174
342	2023-09-05T22:24:57.960Z	2.8016078656855488	-0.007350946414863779	1174
343	2023-09-05T22:24:59.134Z	-0.0023851971889938817	2.8069046648598097	1174
344	2023-09-05T22:25:00.307Z	2.8016078656855488	-0.006688846518081215	1173
345	2023-09-05T22:25:01.481Z	-0.0017230972922113175	2.807235714808201	1174
346	2023-09-05T22:25:02.653Z	2.80193891563394	-0.007350946414863779	1172
347	2023-09-05T22:25:03.826Z	-0.00337834703416795	2.8069046648598097	1173
348	2023-09-05T22:25:04.999Z	2.803263115427505	-0.005695696672907147	1173
349	2023-09-05T22:25:06.173Z	-0.0017230972922113175	2.8078978147049836	1174
350	2023-09-05T22:25:07.347Z	2.803263115427505	-0.007350946414863779	1174
351	2023-09-05T22:25:08.521Z	-0.0013920473438198133	2.8065736149114184	1174
352	2023-09-05T22:25:09.694Z	2.8022699655823313	-0.007350946414863779	1173
353	2023-09-05T22:25:10.868Z	-0.0020541472406025996	2.8069046648598097	1174
354	2023-09-05T22:25:12.042Z	2.8016078656855488	-0.006357796569689711	1174
355	2023-09-05T22:25:13.216Z	-0.0010609973954285312	2.807235714808201	1174
356	2023-09-05T22:25:14.389Z	2.8009457657887658	-0.007681996363255061	1173
357	2023-09-05T22:25:15.563Z	-0.0013920473438198133	2.8062425649630267	1174
358	2023-09-05T22:25:16.735Z	2.802932065479114	-0.005695696672907147	1172
359	2023-09-05T22:25:17.907Z	-0.0013920473438198133	2.805580465066244	1172
360	2023-09-05T22:25:19.080Z	2.801276815737157	-0.0050335967761245826	1173
361	2023-09-05T22:25:20.251Z	-0.0023851971889938817	2.8065736149114184	1171
362	2023-09-05T22:25:21.423Z	2.802932065479114	-0.006357796569689711	1172
363	2023-09-05T22:25:22.597Z	-0.003047297085776446	2.8059115150146354	1174
364	2023-09-05T22:25:23.766Z	2.8035941653758965	-0.006026746621298429	1169
365	2023-09-05T22:25:24.938Z	-0.000398897498645967	2.8062425649630267	1172
366	2023-09-05T22:25:26.110Z	2.801276815737157	-0.006688846518081215	1172
367	2023-09-05T22:25:27.282Z	-0.0013920473438198133	2.8059115150146354	1172
368	2023-09-05T22:25:28.453Z	2.8026010155307226	-0.006026746621298429	1171
369	2023-09-05T22:25:29.626Z	-0.0027162471373851638	2.8065736149114184	1173
370	2023-09-05T22:25:30.797Z	2.8026010155307226	-0.006026746621298429	1171
371	2023-09-05T22:25:31.970Z	-0.0023851971889938817	2.807235714808201	1173
372	2023-09-05T22:25:33.143Z	2.801276815737157	-0.006688846518081215	1173
373	2023-09-05T22:25:34.315Z	-0.0027162471373851638	2.8085599146017666	1172
374	2023-09-05T22:25:35.487Z	2.8009457657887658	-0.006688846518081215	1172
375	2023-09-05T22:25:36.660Z	-0.0010609973954285312	2.8075667647565923	1173
376	2023-09-05T22:25:37.829Z	2.8022699655823313	-0.005364646724515865	1169
377	2023-09-05T22:25:39.001Z	-0.0023851971889938817	2.805580465066244	1172
378	2023-09-05T22:25:40.172Z	2.8022699655823313	-0.005695696672907147	1171
379	2023-09-05T22:25:41.344Z	-0.0023851971889938817	2.807235714808201	1172
380	2023-09-05T22:25:42.516Z	2.801276815737157	-0.006688846518081215	1172
381	2023-09-05T22:25:43.689Z	-0.0013920473438198133	2.8075667647565923	1173
382	2023-09-05T22:25:44.860Z	2.801276815737157	-0.008344096260037848	1171
383	2023-09-05T22:25:46.033Z	-0.003047297085776446	2.8065736149114184	1173
384	2023-09-05T22:25:47.206Z	2.8016078656855488	-0.007350946414863779	1173
385	2023-09-05T22:25:48.379Z	-0.0007299474470372491	2.8059115150146354	1173
386	2023-09-05T22:25:49.551Z	2.8026010155307226	-0.005695696672907147	1172
387	2023-09-05T22:25:50.724Z	-0.00006784755025468492	2.8062425649630267	1173
388	2023-09-05T22:25:51.894Z	2.8035941653758965	-0.005695696672907147	1170
389	2023-09-05T22:25:53.067Z	-0.0023851971889938817	2.807235714808201	1173
390	2023-09-05T22:25:54.239Z	2.8039252153242877	-0.005695696672907147	1172
391	2023-09-05T22:25:55.412Z	-0.0027162471373851638	2.8075667647565923	1173
392	2023-09-05T22:25:56.585Z	2.8006147158403745	-0.007350946414863779	1173
393	2023-09-05T22:25:57.758Z	-0.0017230972922113175	2.8078978147049836	1173
394	2023-09-05T22:25:58.930Z	2.8035941653758965	-0.008013046311646344	1172
395	2023-09-05T22:26:00.103Z	0.0002632023981368192	2.8062425649630267	1173
396	2023-09-05T22:26:01.275Z	2.801276815737157	-0.005695696672907147	1172
397	2023-09-05T22:26:02.449Z	-0.000398897498645967	2.8069046648598097	1174
398	2023-09-05T22:26:03.622Z	2.801276815737157	-0.006357796569689711	1173
399	2023-09-05T22:26:04.796Z	-0.0017230972922113175	2.8059115150146354	1174
400	2023-09-05T22:26:05.969Z	2.8006147158403745	-0.006688846518081215	1173
401	2023-09-05T22:26:07.141Z	-0.0023851971889938817	2.805249415117853	1172
402	2023-09-05T22:26:08.314Z	2.8016078656855488	-0.007681996363255061	1173
403	2023-09-05T22:26:09.488Z	-0.0020541472406025996	2.805580465066244	1174
404	2023-09-05T22:26:10.660Z	2.8016078656855488	-0.007019896466472497	1172
405	2023-09-05T22:26:11.835Z	-0.0017230972922113175	2.807235714808201	1175
406	2023-09-05T22:26:13.007Z	2.80193891563394	-0.007681996363255061	1172
407	2023-09-05T22:26:14.180Z	-0.0020541472406025996	2.8065736149114184	1173
408	2023-09-05T22:26:15.351Z	2.802932065479114	-0.004702546827733078	1171
409	2023-09-05T22:26:16.525Z	-0.00337834703416795	2.8078978147049836	1174
410	2023-09-05T22:26:17.697Z	2.80193891563394	-0.007681996363255061	1172
411	2023-09-05T22:26:18.870Z	-0.0020541472406025996	2.8069046648598097	1173
412	2023-09-05T22:26:20.041Z	2.8026010155307226	-0.005695696672907147	1171
413	2023-09-05T22:26:21.215Z	-0.003047297085776446	2.807235714808201	1174
414	2023-09-05T22:26:22.385Z	2.801276815737157	-0.007350946414863779	1170
415	2023-09-05T22:26:23.558Z	-0.0020541472406025996	2.8078978147049836	1173
416	2023-09-05T22:26:24.731Z	2.8022699655823313	-0.006357796569689711	1173
417	2023-09-05T22:26:25.903Z	-0.0017230972922113175	2.807235714808201	1172
418	2023-09-05T22:26:27.076Z	2.80193891563394	-0.007019896466472497	1173
419	2023-09-05T22:26:28.249Z	-0.00006784755025468492	2.8065736149114184	1173
420	2023-09-05T22:26:29.421Z	2.80193891563394	-0.007681996363255061	1172
421	2023-09-05T22:26:30.593Z	-0.0020541472406025996	2.8062425649630267	1172
422	2023-09-05T22:26:31.765Z	2.8006147158403745	-0.005695696672907147	1172
423	2023-09-05T22:26:32.938Z	-0.000398897498645967	2.8059115150146354	1173
424	2023-09-05T22:26:34.109Z	2.802932065479114	-0.005695696672907147	1171
425	2023-09-05T22:26:35.283Z	-0.000398897498645967	2.8065736149114184	1174
426	2023-09-05T22:26:36.454Z	2.80193891563394	-0.006026746621298429	1171
427	2023-09-05T22:26:37.628Z	-0.0023851971889938817	2.8065736149114184	1174
428	2023-09-05T22:26:38.799Z	2.800283665891983	-0.006688846518081215	1171
429	2023-09-05T22:26:39.972Z	-0.0013920473438198133	2.8078978147049836	1173
430	2023-09-05T22:26:41.143Z	2.80193891563394	-0.007019896466472497	1171
431	2023-09-05T22:26:42.318Z	-0.0010609973954285312	2.8085599146017666	1175
432	2023-09-05T22:26:43.491Z	2.801276815737157	-0.005364646724515865	1173
433	2023-09-05T22:26:44.665Z	-0.0017230972922113175	2.8062425649630267	1174
434	2023-09-05T22:26:45.837Z	2.8016078656855488	-0.005364646724515865	1172
435	2023-09-05T22:26:47.011Z	-0.0027162471373851638	2.807235714808201	1174
436	2023-09-05T22:26:48.183Z	2.8022699655823313	-0.007019896466472497	1172
437	2023-09-05T22:26:49.357Z	-0.0007299474470372491	2.8065736149114184	1174
438	2023-09-05T22:26:50.529Z	2.8009457657887658	-0.006026746621298429	1172
439	2023-09-05T22:26:51.702Z	-0.0007299474470372491	2.8069046648598097	1173
440	2023-09-05T22:26:52.875Z	2.800283665891983	-0.006357796569689711	1173
441	2023-09-05T22:26:54.048Z	-0.0020541472406025996	2.8065736149114184	1173
442	2023-09-05T22:26:55.222Z	2.80193891563394	-0.007350946414863779	1174
443	2023-09-05T22:26:56.395Z	0.0005942523465281013	2.8062425649630267	1173
444	2023-09-05T22:26:57.568Z	2.801276815737157	-0.007350946414863779	1173
445	2023-09-05T22:26:58.741Z	-0.0017230972922113175	2.8078978147049836	1173
446	2023-09-05T22:26:59.913Z	2.801276815737157	-0.007019896466472497	1172
447	2023-09-05T22:27:01.086Z	-0.003047297085776446	2.8065736149114184	1173
448	2023-09-05T22:27:02.259Z	2.802932065479114	-0.006357796569689711	1173
449	2023-09-05T22:27:03.431Z	-0.003709396982559232	2.805249415117853	1172
450	2023-09-05T22:27:04.607Z	2.8026010155307226	-0.008344096260037848	1176
451	2023-09-05T22:27:05.778Z	-0.0017230972922113175	2.8075667647565923	1171
452	2023-09-05T22:27:06.953Z	2.8016078656855488	-0.006026746621298429	1175
453	2023-09-05T22:27:08.125Z	-0.0010609973954285312	2.8069046648598097	1172
454	2023-09-05T22:27:09.297Z	2.802932065479114	-0.0050335967761245826	1172
455	2023-09-05T22:27:10.472Z	-0.0017230972922113175	2.805249415117853	1175
456	2023-09-05T22:27:11.643Z	2.80193891563394	-0.0050335967761245826	1171
457	2023-09-05T22:27:12.817Z	0.0002632023981368192	2.8062425649630267	1174
458	2023-09-05T22:27:13.990Z	2.80193891563394	-0.006357796569689711	1173
459	2023-09-05T22:27:15.164Z	-0.0010609973954285312	2.8059115150146354	1174
460	2023-09-05T22:27:16.336Z	2.804256265272679	-0.00867514620842913	1172
461	2023-09-05T22:27:17.510Z	-0.0010609973954285312	2.8075667647565923	1174
462	2023-09-05T22:27:18.683Z	2.8016078656855488	-0.007350946414863779	1173
463	2023-09-05T22:27:19.855Z	-0.0017230972922113175	2.8085599146017666	1172
464	2023-09-05T22:27:21.028Z	2.800283665891983	-0.006357796569689711	1173
465	2023-09-05T22:27:22.202Z	-0.000398897498645967	2.8059115150146354	1174
466	2023-09-05T22:27:23.375Z	2.8016078656855488	-0.006688846518081215	1173
467	2023-09-05T22:27:24.547Z	-0.0013920473438198133	2.8075667647565923	1172
468	2023-09-05T22:27:25.719Z	2.7996215659952	-0.0050335967761245826	1172
469	2023-09-05T22:27:26.893Z	-0.0007299474470372491	2.807235714808201	1174
470	2023-09-05T22:27:28.065Z	2.8016078656855488	-0.006357796569689711	1172
471	2023-09-05T22:27:29.238Z	-0.0027162471373851638	2.807235714808201	1173
472	2023-09-05T22:27:30.412Z	2.801276815737157	-0.006688846518081215	1174
473	2023-09-05T22:27:31.586Z	0.0002632023981368192	2.8078978147049836	1174
474	2023-09-05T22:27:32.758Z	2.80193891563394	-0.007019896466472497	1172
475	2023-09-05T22:27:33.932Z	-0.0013920473438198133	2.8078978147049836	1174
476	2023-09-05T22:27:35.103Z	2.80193891563394	-0.006357796569689711	1171
477	2023-09-05T22:27:36.277Z	-0.0010609973954285312	2.8085599146017666	1174
478	2023-09-05T22:27:37.448Z	2.799952615943592	-0.007681996363255061	1171
479	2023-09-05T22:27:38.622Z	-0.0013920473438198133	2.8069046648598097	1174
480	2023-09-05T22:27:39.794Z	2.8006147158403745	-0.007019896466472497	1172
481	2023-09-05T22:27:40.966Z	0.0002632023981368192	2.8065736149114184	1172
482	2023-09-05T22:27:42.139Z	2.8026010155307226	-0.007019896466472497	1173
483	2023-09-05T22:27:43.312Z	-0.0017230972922113175	2.805580465066244	1173
484	2023-09-05T22:27:44.485Z	2.8009457657887658	-0.007681996363255061	1173
485	2023-09-05T22:27:45.656Z	-0.0017230972922113175	2.805249415117853	1171
486	2023-09-05T22:27:46.828Z	2.800283665891983	-0.007019896466472497	1172
487	2023-09-05T22:27:48.001Z	-0.0010609973954285312	2.8075667647565923	1173
488	2023-09-05T22:27:49.173Z	2.8022699655823313	-0.006357796569689711	1172
489	2023-09-05T22:27:50.347Z	-0.0023851971889938817	2.8069046648598097	1174
490	2023-09-05T22:27:51.519Z	2.8026010155307226	-0.008013046311646344	1172
491	2023-09-05T22:27:52.694Z	-0.000398897498645967	2.8069046648598097	1175
492	2023-09-05T22:27:53.865Z	2.801276815737157	-0.00867514620842913	1171
493	2023-09-05T22:27:55.038Z	-0.003709396982559232	2.8069046648598097	1173
494	2023-09-05T22:27:56.211Z	2.800283665891983	-0.008013046311646344	1173
495	2023-09-05T22:27:57.385Z	-0.0013920473438198133	2.8062425649630267	1174
496	2023-09-05T22:27:58.558Z	2.8039252153242877	-0.006688846518081215	1173
497	2023-09-05T22:27:59.730Z	-0.0017230972922113175	2.807235714808201	1172
498	2023-09-05T22:28:00.903Z	2.80193891563394	-0.006026746621298429	1173
499	2023-09-05T22:28:02.077Z	-0.0023851971889938817	2.8062425649630267	1174
500	2023-09-05T22:28:03.249Z	2.80193891563394	-0.007681996363255061	1172
501	2023-09-05T22:28:04.422Z	-0.0020541472406025996	2.8065736149114184	1173
502	2023-09-05T22:28:05.594Z	2.80193891563394	-0.005695696672907147	1172
503	2023-09-05T22:28:06.768Z	-0.000398897498645967	2.807235714808201	1174
504	2023-09-05T22:28:07.940Z	2.8006147158403745	-0.007681996363255061	1172
505	2023-09-05T22:28:09.114Z	-0.0010609973954285312	2.8075667647565923	1174
506	2023-09-05T22:28:10.286Z	2.8006147158403745	-0.006688846518081215	1172
507	2023-09-05T22:28:11.459Z	-0.0017230972922113175	2.8078978147049836	1173
508	2023-09-05T22:28:12.633Z	2.8016078656855488	-0.006688846518081215	1174
509	2023-09-05T22:28:13.805Z	-0.004040446930950514	2.8065736149114184	1172
510	2023-09-05T22:28:14.978Z	2.8016078656855488	-0.006357796569689711	1173
511	2023-09-05T22:28:16.151Z	-0.0010609973954285312	2.8059115150146354	1173
512	2023-09-05T22:28:17.324Z	2.80193891563394	-0.006688846518081215	1173
513	2023-09-05T22:28:18.498Z	-0.0017230972922113175	2.8059115150146354	1174
514	2023-09-05T22:28:19.671Z	2.802932065479114	-0.005364646724515865	1173
515	2023-09-05T22:28:20.845Z	0.0002632023981368192	2.809222014498549	1174
516	2023-09-05T22:28:22.017Z	2.8022699655823313	-0.006357796569689711	1172
517	2023-09-05T22:28:23.191Z	-0.0010609973954285312	2.8075667647565923	1174
518	2023-09-05T22:28:24.364Z	2.8026010155307226	-0.004702546827733078	1173
519	2023-09-05T22:28:25.538Z	0.0002632023981368192	2.8062425649630267	1174
520	2023-09-05T22:28:26.710Z	2.8006147158403745	-0.007350946414863779	1172
521	2023-09-05T22:28:27.884Z	-0.0013920473438198133	2.805580465066244	1174
522	2023-09-05T22:28:29.057Z	2.801276815737157	-0.008344096260037848	1173
523	2023-09-05T22:28:30.231Z	0.0002632023981368192	2.807235714808201	1174
524	2023-09-05T22:28:31.404Z	2.8022699655823313	-0.007019896466472497	1173
525	2023-09-05T22:28:32.577Z	-0.0010609973954285312	2.8062425649630267	1173
526	2023-09-05T22:28:33.748Z	2.8016078656855488	-0.006357796569689711	1171
527	2023-09-05T22:28:34.921Z	-0.0020541472406025996	2.8062425649630267	1173
528	2023-09-05T22:28:36.095Z	2.8022699655823313	-0.005364646724515865	1174
529	2023-09-05T22:28:37.270Z	-0.0017230972922113175	2.8045873152210703	1175
530	2023-09-05T22:28:38.441Z	2.8009457657887658	-0.005695696672907147	1171
531	2023-09-05T22:28:39.614Z	-0.0010609973954285312	2.8075667647565923	1173
532	2023-09-05T22:28:40.789Z	2.801276815737157	-0.007350946414863779	1175
533	2023-09-05T22:28:41.961Z	-0.00337834703416795	2.8065736149114184	1172
534	2023-09-05T22:28:43.133Z	2.8022699655823313	-0.006026746621298429	1172
535	2023-09-05T22:28:44.306Z	-0.0013920473438198133	2.8069046648598097	1173
536	2023-09-05T22:28:45.478Z	2.8039252153242877	-0.0050335967761245826	1172
537	2023-09-05T22:28:46.651Z	-0.00006784755025468492	2.8069046648598097	1173
538	2023-09-05T22:28:47.822Z	2.8026010155307226	-0.007019896466472497	1171
539	2023-09-05T22:28:48.996Z	-0.0013920473438198133	2.8062425649630267	1174
540	2023-09-05T22:28:50.169Z	2.8022699655823313	-0.004702546827733078	1173
541	2023-09-05T22:28:51.343Z	0.0002632023981368192	2.8059115150146354	1174
542	2023-09-05T22:28:52.515Z	2.800283665891983	-0.007019896466472497	1172
543	2023-09-05T22:28:53.689Z	-0.0010609973954285312	2.809222014498549	1174
544	2023-09-05T22:28:54.861Z	2.8026010155307226	-0.006688846518081215	1172
545	2023-09-05T22:28:56.033Z	-0.0013920473438198133	2.8062425649630267	1172
546	2023-09-05T22:28:57.206Z	2.8039252153242877	-0.007681996363255061	1173
547	2023-09-05T22:28:58.380Z	-0.003047297085776446	2.8078978147049836	1174
548	2023-09-05T22:28:59.553Z	2.8016078656855488	-0.006026746621298429	1173
549	2023-09-05T22:29:00.728Z	-0.0020541472406025996	2.8075667647565923	1175
550	2023-09-05T22:29:01.899Z	2.801276815737157	-0.006688846518081215	1171
551	2023-09-05T22:29:03.074Z	-0.0027162471373851638	2.8069046648598097	1175
552	2023-09-05T22:29:04.246Z	2.80193891563394	-0.007350946414863779	1172
553	2023-09-05T22:29:05.418Z	-0.0013920473438198133	2.8069046648598097	1172
554	2023-09-05T22:29:06.591Z	2.8016078656855488	-0.007350946414863779	1173
555	2023-09-05T22:29:07.763Z	0.0009253022949193834	2.807235714808201	1172
556	2023-09-05T22:29:08.934Z	2.8035941653758965	-0.007019896466472497	1171
557	2023-09-05T22:29:10.106Z	-0.0020541472406025996	2.805249415117853	1172
558	2023-09-05T22:29:11.279Z	2.8006147158403745	-0.005695696672907147	1173
559	2023-09-05T22:29:12.451Z	-0.0023851971889938817	2.8069046648598097	1172
560	2023-09-05T22:29:13.624Z	2.7996215659952	-0.006688846518081215	1173
561	2023-09-05T22:29:14.798Z	-0.0020541472406025996	2.8069046648598097	1174
562	2023-09-05T22:29:15.971Z	2.8009457657887658	-0.006357796569689711	1173
563	2023-09-05T22:29:17.145Z	-0.0023851971889938817	2.8065736149114184	1174
564	2023-09-05T22:29:18.316Z	2.8016078656855488	-0.006688846518081215	1171
565	2023-09-05T22:29:19.490Z	-0.0020541472406025996	2.805249415117853	1174
566	2023-09-05T22:29:20.662Z	2.8016078656855488	-0.007350946414863779	1172
567	2023-09-05T22:29:21.836Z	-0.0013920473438198133	2.8062425649630267	1174
568	2023-09-05T22:29:23.009Z	2.80193891563394	-0.006026746621298429	1173
569	2023-09-05T22:29:24.183Z	-0.0010609973954285312	2.8069046648598097	1174
570	2023-09-05T22:29:25.356Z	2.80193891563394	-0.006688846518081215	1173
571	2023-09-05T22:29:26.529Z	-0.0007299474470372491	2.8065736149114184	1173
572	2023-09-05T22:29:27.703Z	2.80193891563394	-0.006357796569689711	1174
573	2023-09-05T22:29:28.876Z	0.0002632023981368192	2.8069046648598097	1173
574	2023-09-05T22:29:30.051Z	2.8026010155307226	-0.006026746621298429	1175
575	2023-09-05T22:29:31.225Z	-0.0017230972922113175	2.807235714808201	1174
576	2023-09-05T22:29:32.398Z	2.799290516046809	-0.006688846518081215	1173
577	2023-09-05T22:29:33.572Z	-0.0020541472406025996	2.8065736149114184	1174
578	2023-09-05T22:29:34.745Z	2.8026010155307226	-0.006688846518081215	1173
579	2023-09-05T22:29:35.920Z	-0.0020541472406025996	2.805249415117853	1175
580	2023-09-05T22:29:37.094Z	2.801276815737157	-0.006688846518081215	1174
581	2023-09-05T22:29:38.267Z	-0.0023851971889938817	2.807235714808201	1173
582	2023-09-05T22:29:39.441Z	2.8022699655823313	-0.006026746621298429	1174
583	2023-09-05T22:29:40.615Z	-0.0023851971889938817	2.807235714808201	1174
584	2023-09-05T22:29:41.788Z	2.8022699655823313	-0.006357796569689711	1173
585	2023-09-05T22:29:42.964Z	-0.0020541472406025996	2.807235714808201	1176
586	2023-09-05T22:29:44.137Z	2.80193891563394	-0.006688846518081215	1173
587	2023-09-05T22:29:45.312Z	-0.0020541472406025996	2.8085599146017666	1175
588	2023-09-05T22:29:46.484Z	2.80193891563394	-0.006026746621298429	1172
589	2023-09-05T22:29:47.658Z	-0.0020541472406025996	2.8075667647565923	1174
590	2023-09-05T22:29:48.830Z	2.803263115427505	-0.007019896466472497	1172
591	2023-09-05T22:29:50.004Z	-0.0023851971889938817	2.805249415117853	1174
592	2023-09-05T22:29:51.177Z	2.80193891563394	-0.006026746621298429	1173
593	2023-09-05T22:29:52.350Z	-0.0013920473438198133	2.8075667647565923	1173
594	2023-09-05T22:29:53.522Z	2.80193891563394	-0.007019896466472497	1172
595	2023-09-05T22:29:54.696Z	-0.0007299474470372491	2.805249415117853	1174
596	2023-09-05T22:29:55.868Z	2.803263115427505	-0.007681996363255061	1172
597	2023-09-05T22:29:57.042Z	-0.000398897498645967	2.8075667647565923	1174
598	2023-09-05T22:29:58.213Z	2.801276815737157	-0.006688846518081215	1171
599	2023-09-05T22:29:59.387Z	-0.0027162471373851638	2.8069046648598097	1174
600	2023-09-05T22:30:00.559Z	2.802932065479114	-0.006357796569689711	1172
601	2023-09-05T22:30:01.733Z	-0.0023851971889938817	2.8069046648598097	1174
602	2023-09-05T22:30:02.905Z	2.8009457657887658	-0.007350946414863779	1172
603	2023-09-05T22:30:04.078Z	-0.0017230972922113175	2.8082288646533753	1173
604	2023-09-05T22:30:05.251Z	2.8016078656855488	-0.006026746621298429	1173
605	2023-09-05T22:30:06.425Z	-0.0007299474470372491	2.8069046648598097	1174
606	2023-09-05T22:30:07.599Z	2.8039252153242877	-0.007350946414863779	1174
607	2023-09-05T22:30:08.772Z	-0.0020541472406025996	2.8069046648598097	1173
608	2023-09-05T22:30:09.945Z	2.80193891563394	-0.007019896466472497	1173
609	2023-09-05T22:30:11.120Z	-0.0017230972922113175	2.8062425649630267	1175
610	2023-09-05T22:30:12.292Z	2.8026010155307226	-0.007019896466472497	1172
611	2023-09-05T22:30:13.466Z	-0.0010609973954285312	2.8075667647565923	1174
612	2023-09-05T22:30:14.638Z	2.8026010155307226	-0.0050335967761245826	1172
613	2023-09-05T22:30:15.812Z	-0.0010609973954285312	2.8075667647565923	1174
614	2023-09-05T22:30:16.984Z	2.8022699655823313	-0.008344096260037848	1172
615	2023-09-05T22:30:18.159Z	-0.0017230972922113175	2.8065736149114184	1175
616	2023-09-05T22:30:19.332Z	2.8009457657887658	-0.008344096260037848	1173
617	2023-09-05T22:30:20.506Z	-0.00006784755025468492	2.8069046648598097	1174
618	2023-09-05T22:30:21.679Z	2.8006147158403745	-0.005364646724515865	1173
619	2023-09-05T22:30:22.855Z	-0.0027162471373851638	2.8069046648598097	1176
620	2023-09-05T22:30:24.030Z	2.801276815737157	-0.006357796569689711	1175
621	2023-09-05T22:30:25.200Z	-0.0017230972922113175	2.8075667647565923	1170
622	2023-09-05T22:30:26.372Z	2.8009457657887658	-0.006026746621298429	1172
623	2023-09-05T22:30:27.546Z	-0.0027162471373851638	2.8059115150146354	1174
624	2023-09-05T22:30:28.718Z	2.804256265272679	-0.006026746621298429	1172
625	2023-09-05T22:30:29.892Z	-0.0013920473438198133	2.8075667647565923	1174
626	2023-09-05T22:30:31.065Z	2.8026010155307226	-0.006357796569689711	1173
627	2023-09-05T22:30:32.238Z	-0.004040446930950514	2.8049183651694616	1173
628	2023-09-05T22:30:33.412Z	2.8022699655823313	-0.007350946414863779	1174
629	2023-09-05T22:30:34.585Z	-0.0017230972922113175	2.8078978147049836	1173
630	2023-09-05T22:30:35.758Z	2.801276815737157	-0.007350946414863779	1173
631	2023-09-05T22:30:36.931Z	-0.0020541472406025996	2.808890964550158	1173
632	2023-09-05T22:30:38.105Z	2.7996215659952	-0.007019896466472497	1174
633	2023-09-05T22:30:39.277Z	-0.00006784755025468492	2.8075667647565923	1172
634	2023-09-05T22:30:40.450Z	2.8016078656855488	-0.006688846518081215	1173
635	2023-09-05T22:30:41.624Z	-0.0020541472406025996	2.8075667647565923	1174
636	2023-09-05T22:30:42.796Z	2.801276815737157	-0.005695696672907147	1172
637	2023-09-05T22:30:43.972Z	-0.003047297085776446	2.8062425649630267	1176
638	2023-09-05T22:30:45.144Z	2.80193891563394	-0.007350946414863779	1172
639	2023-09-05T22:30:46.317Z	-0.003047297085776446	2.8069046648598097	1173
640	2023-09-05T22:30:47.488Z	2.8026010155307226	-0.006026746621298429	1171
641	2023-09-05T22:30:48.662Z	-0.003047297085776446	2.8082288646533753	1174
642	2023-09-05T22:30:49.836Z	2.802932065479114	-0.007019896466472497	1174
643	2023-09-05T22:30:51.009Z	-0.0013920473438198133	2.807235714808201	1173
644	2023-09-05T22:30:52.182Z	2.8026010155307226	-0.007019896466472497	1173
645	2023-09-05T22:30:53.356Z	-0.0020541472406025996	2.807235714808201	1174
646	2023-09-05T22:30:54.529Z	2.80193891563394	-0.007681996363255061	1173
647	2023-09-05T22:30:55.702Z	0.0002632023981368192	2.8082288646533753	1173
648	2023-09-05T22:30:56.875Z	2.8026010155307226	-0.006026746621298429	1173
649	2023-09-05T22:30:58.049Z	-0.003047297085776446	2.8062425649630267	1174
650	2023-09-05T22:30:59.222Z	2.8006147158403745	-0.007681996363255061	1173
651	2023-09-05T22:31:00.396Z	-0.0020541472406025996	2.8075667647565923	1174
652	2023-09-05T22:31:01.570Z	2.802932065479114	-0.004702546827733078	1174
653	2023-09-05T22:31:02.744Z	-0.0023851971889938817	2.8062425649630267	1174
654	2023-09-05T22:31:03.918Z	2.802932065479114	-0.005364646724515865	1174
655	2023-09-05T22:31:05.091Z	-0.0020541472406025996	2.8069046648598097	1173
656	2023-09-05T22:31:06.263Z	2.8026010155307226	-0.007681996363255061	1172
657	2023-09-05T22:31:07.436Z	-0.0027162471373851638	2.8075667647565923	1173
658	2023-09-05T22:31:08.608Z	2.80193891563394	-0.007350946414863779	1172
659	2023-09-05T22:31:09.782Z	-0.0010609973954285312	2.807235714808201	1174
660	2023-09-05T22:31:10.955Z	2.8022699655823313	-0.006688846518081215	1173
661	2023-09-05T22:31:12.128Z	-0.0023851971889938817	2.8078978147049836	1173
662	2023-09-05T22:31:13.301Z	2.80193891563394	-0.007350946414863779	1173
663	2023-09-05T22:31:14.475Z	-0.0007299474470372491	2.808890964550158	1174
664	2023-09-05T22:31:15.647Z	2.8026010155307226	-0.007350946414863779	1172
665	2023-09-05T22:31:16.820Z	-0.00006784755025468492	2.8069046648598097	1173
666	2023-09-05T22:31:17.992Z	2.8016078656855488	-0.007019896466472497	1172
667	2023-09-05T22:31:19.166Z	-0.0013920473438198133	2.8065736149114184	1174
668	2023-09-05T22:31:20.344Z	2.8022699655823313	-0.005695696672907147	1178
669	2023-09-05T22:31:21.514Z	-0.0027162471373851638	2.8085599146017666	1170
670	2023-09-05T22:31:22.687Z	2.8016078656855488	-0.006688846518081215	1173
671	2023-09-05T22:31:23.860Z	-0.0017230972922113175	2.8069046648598097	1173
672	2023-09-05T22:31:25.033Z	2.8022699655823313	-0.0050335967761245826	1173
673	2023-09-05T22:31:26.206Z	-0.0013920473438198133	2.8065736149114184	1173
674	2023-09-05T22:31:27.378Z	2.801276815737157	-0.004702546827733078	1172
675	2023-09-05T22:31:28.552Z	-0.0020541472406025996	2.8059115150146354	1174
676	2023-09-05T22:31:29.725Z	2.8026010155307226	-0.007019896466472497	1173
677	2023-09-05T22:31:30.899Z	-0.0017230972922113175	2.8069046648598097	1174
