Time: 2023-12-12 02:00:53OK
28	28
RECEIVED START OF DATA
0	0	0	0	0	0	240	255	255	3	0	0	0	0	0	0
0	0	0	0	0	0	0	0	0	0	0	48	0	0	0	0
0	0	0	0	0	0	0	0	0	0	0	0	0	0	0	0
0	0	0	0	0	0	0	0	0	0	0	0	0	0	0	0
0	0	0	0	0	0	0	0	0	0	0	0	0	0	0	0
0	0	0	0	0	0	0	0	0	0	0	0	0	0	0	0
0	0	0	0	0	0	0	0	0	0	0	0	0	0	0	0
0	0	0	0	0	0	0	0	0	0	0	0	0	0	0	0
0	0	0	0	0	0	0	0	0	0	0	0	0	0	0	0
0	0	0	0	0	0	0	0	0	0	128	255	255	255	255	255
255	255	255	255	255	255	255	255	255	255	255	255	255	255	255	255
255	255	255	255	255	255	255	255	255	255	255	255	255	255	255	255
255	255	255	255	255	255	255	255	255	255	255	255	255	255	255	255
255	255	255	255	255	255	255	255	255	255	255	63	0	0	0	0
0	0	0	0	0	0	0	0	0	0	0	0	0	0	248	255
255	255	255	255	255	255	255	255	255	255	255	255	255	255	255	255
255	255	255	255	255	255	255	255	255	255	255	255	255	255	255	255
255	255	255	255	255	255	255	255	255	255	255	255	255	255	255	255
255	255	255	255	255	255	255	255	255	255	255	255	255	255	255	255
255	255	255	255	255	255	255	255	255	255	255	255	255	255	255	255
255	255	255	255	255	255	255	255	255	255	255	255	255	255	255	255
255	255	255	255	255	255	255	255	255	255	255	255	255	255	255	255
255	255	255	255	255	255	255	255	255	255	255	255	255	255	255	255
255	255	255	255	255	255	255	255	255	255	255	255	255	255	255	255
255	255	255	255	255	255	255	255	255	255	255	255	255	255	255	255
255	255	255	255	255	255	255	255	255	255	255	255	255	255	255	255
255	255	255	255	255	255	255	255	255	255	255	255	255	255	255	255
255	255	255	255	255	255	255	255	255	255	255	255	255	255	255	255
255	255	255	255	255	255	255	255	255	255	255	255	255	255	255	255
255	255	255	255	255	255	255	255	255	255	255	255	255	255	255	255
255	255	255	255	255	255	255	255	255	255	255	255	255	255	255	255
255	255	255	255	255	255	255	255	255	255	255	255	255	255	255	255
255	255	255	255	255	255	255	255	255	255	255	255	255	255	255	255
255	255	255	255	255	255	255	255	255	255	255	255	255	255	255	255
255	255	255	255	255	255	255	255	255	255	255	255	255	255	255	255
255	255	255	255	255	255	255	255	255	255	255	255	255	255	255	255
255	255	255	255	255	255	255	255	255	255	255	255	255	255	255	255
255	255	255	255	255	255	255	255	255	255	255	255	255	255	255	255
255	255	255	255	255	255	255	255	255	255	255	255	255	255	255	255
255	255	255	255	255	255	255	255	255	255	255	255	255	255	255	255
255	255	255	255	255	255	255	255	255	255	255	255	255	255	255	255
255	255	255	255	255	255	255	255	255	255	255	255	255	255	255	255
255	255	255	255	255	255	255	255	255	255	255	255	255	255	255	255
255	255	255	255	255	255	255	255	255	255	255	255	255	255	255	255
255	255	255	255	255	255	255	255	255	255	255	255	255	255	255	255
255	255	255	255	255	255	255	255	255	255	255	255	255	255	255	255
255	255	255	255	255	255	255	255	255	255	255	255	255	255	255	255
255	255	255	255	255	255	255	255	255	255	255	255	255	255	255	255
255	255	255	255	255	255	255	255	255	255	255	255	255	255	255	255
255	255	255	255	255	255	255	255	255	255	255	255	255	255	255	255
255	255	255	255	255	255	255	255	255	255	255	255	255	255	255	255
255	255	255	255	255	255	255	255	255	255	255	255	255	255	255	255
255	255	255	255	255	255	255	255	255	255	255	255	255	255	255	255
255	255	255	255	255	255	255	255	255	255	255	255	255	255	255	255
255	255	255	255	255	255	255	255	255	255	255	255	255	255	255	255
255	255	255	255	255	255	255	255	255	255	255	255	255	255	255	255
255	255	255	255	255	255	255	255	255	255	255	255	255	255	255	255
255	255	255	255	255	255	255	255	255	255	255	255	255	255	255	255
255	255	255	255	255	255	255	255	255	255	255	255	255	255	255	255
255	255	255	255	255	255	255	255	255	255	255	255	255	255	255	255
255	255	255	255	255	255	255	255	255	255	255	255	255	255	255	255
255	255	255	255	255	255	255	255	255	255	255	255	255	255	255	255
255	255	255	255	255	255	255	255	255	255	255	255	255	255	255	255
255	255	255	255	255	255	255	255	255	255	255	255	255	255	255	255
255	255	255	255	255	255	255	255	255	255	255	255	255	255	255	255
255	255	255	255	255	255	255	255	255	255	255	255	255	255	255	255
255	255	255	255	255	255	255	255	255	255	255	255	255	255	255	255
255	255	255	255	255	255	255	255	255	255	255	255	255	255	255	255
255	255	255	255	255	255	255	255	239	255	255	255	255	255	255	255
255	255	255	255	255	255	255	255	255	255	255	255	255	255	255	255
127	48	254	255	255	255	255	255	255	255	255	255	255	255	255	255
255	255	255	255	255	255	255	255	255	255	255	255	255	255	255	255
255	255	255	255	255	255	255	255	255	255	255	255	255	255	255	255
255	255	255	255	255	255	255	255	255	255	255	255	255	255	255	255
255	255	255	255	255	255	255	255	255	255	255	255	255	255	255	255
255	255	255	255	255	255	255	255	255	255	255	255	255	255	255	255
255	255	255	255	255	255	255	255	255	255	255	255	255	255	255	255
255	255	255	255	255	255	255	255	255	255	255	255	255	255	255	255
255	255	255	255	255	255	255	255	255	255	255	255	255	255	255	255
255	255	255	255	255	255	255	255	255	255	255	255	255	255	255	255
255	255	255	255	255	255	255	255	255	255	255	255	255	255	255	255
255	255	255	255	255	255	255	255	255	255	255	255	255	255	255	255
255	255	255	255	255	255	255	255	255	255	255	255	255	255	255	255
255	255	255	255	255	255	255	255	255	255	255	255	255	255	255	255
255	255	255	255	255	255	255	255	255	255	255	255	255	255	255	255
255	255	255	255	255	255	255	255	255	255	255	255	255	255	255	255
255	255	255	255	255	255	255	255	255	255	255	255	255	255	255	255
255	255	255	255	255	255	255	255	255	255	255	255	255	255	255	255
255	255	255	255	255	255	255	255	255	255	255	255	255	255	255	255
255	255	255	255	255	255	255	255	255	255	255	255	255	255	255	255
255	255	255	255	255	255	255	255	255	255	255	255	255	255	255	255
255	255	255	255	255	255	255	255	255	255	255	255	255	255	255	255
255	255	255	255	255	255	255	255	255	255	255	255	255	255	255	255
255	255	255	255	255	255	255	255	255	255	255	255	255	255	255	255
255	255	255	255	255	255	255	255	255	255	255	255	255	255	255	255
255	255	255	255	255	255	255	255	255	255	255	255	255	255	255	255
255	255	255	255	255	255	255	255	255	255	255	255	255	255	255	255
255	255	255	255	255	255	255	255	255	255	255	255	255	255	255	255
255	255	255	255	255	255	255	255	255	255	255	255	255	255	255	255
255	255	255	255	255	255	255	255	255	255	255	255	255	255	255	255
255	255	95	192	1	255	255	255	255	255	255	255	255	129	254	63
240	31	192	35	191	255	255	255	255	255	255	255	255	255	255	255
127	250	255	255	255	255	255	255	3	0	0	0	0	0	0	0
0	0	0	0	0	0	0	0	0	0	0	0	0	0	0	0
0	0	0	0	0	0	0	0	0	0	0	0	0	0	0	0
0	0	0	0	0	0	0	0	0	0	0	0	0	0	0	0
0	0	0	0	0	0	0	0	0	0	0	0	252	255	255	255
255	255	255	255	255	255	255	255	255	255	255	255	255	225	255	255
255	255	255	79	248	255	255	255	255	255	255	255	255	255	255	193
255	127	4	3	0	220	255	255	207	255	255	240	31	252	255	255
255	255	255	255	255	255	255	255	255	255	255	255	255	255	255	255
255	255	255	255	255	255	255	255	135	255	255	255	255	127	0	0
0	0	0	0	0	0	0	0	0	0	0	0	0	0	0	0
0	0	0	0	0	0	0	0	0	0	0	0	0	0	0	0
0	0	0	0	0	0	0	0	0	0	0	0	0	0	0	0
0	0	0	0	0	0	0	0	0	0	0	0	0	192	255	255
255	255	255	255	255	255	255	255	255	255	255	255	255	255	255	255
255	255	255	255	255	255	255	191	255	255	255	255	255	255	255	255
255	255	255	191	255	7	128	207	255	255	255	255	255	255	255	255
255	255	255	255	255	255	255	255	255	255	255	255	255	255	255	255
159	254	255	255	255	251	255	255	255	255	255	255	255	255	255	255
255	255	255	255	255	255	255	255	255	215	255	255	255	255	255	255
255	255	255	3	0	0	0	0	0	0	0	0	0	0	0	0
0	0	0	0	0	0	0	0	0	0	0	0	0	0	0	0
0	0	0	0	0	0	0	0	0	0	0	0	0	0	0	0
0	0	0	0	0	0	0	0	0	0	0	0	0	0	0	0
0	0	0	0	0	0	0	0	0	0	0	0	0	0	0	0
0	0	0	0	0	0	0	0	0	0	0	0	0	0	0	192
255	255	255	255	255	255	255	255	255	255	255	255	255	255	255	255
255	255	255	255	255	255	255	255	255	255	255	255	255	255	255	255
255	31	0	0	0	0	0	0	0	0	0	0	0	0	0	0
0	0	0	0	0	0	0	0	0	0	0	0	0	0	0	0
0	0	0	0	0	0	0	0	0	0	0	0	0	0	0	0
0	0	0	0	0	0	0	0	0	0	0	0	0	0	0	0
0	0	0	0	0	0	0	0	0	0	0	0	0	0	0	0
0	0	0	0	0	0	0	0	0	0	0	0	0	0	0	0
0	0	0	0	0	0	0	0	0	0	0	0	0	0	0	0
0	0	0	0	0	0	0	0	0	0	0	0	0	0	0	0
0	0	0	0	0	0	0	0	0	0	0	0	0	0	0	0
0	0	0	0	0	0	0	0	0	0	0	0	0	0	0	0
0	0	0	0	0	0	0	0	0	0	0	0	0	0	0	0
0	0	0	0	0	0	0	0	0	0	0	0	0	0	0	0
0	0	0	0	0	0	0	0	0	0	0	0	0	0	0	0
0	0	0	0	0	0	0	0	0	0	0	0	0	0	0	0
0	0	0	0	0	0	0	0	0	0	0	0	0	0	0	0
0	0	0	0	0	0	0	0	0	0	0	0	0	0	0	0
0	0	0	0	0	0	0	0	0	0	0	0	0	0	0	0
0	0	0	0	0	0	0	0	0	0	0	0	0	0	0	0
0	0	0	0	0	0	0	0	0	0	0	0	0	0	0	0
0	0	0	0	0	0	0	0	0	0	0	0	0	0	0	0
0	0	0	0	0	0	0	0	0	0	0	0	0	0	0	0
0	0	0	0	0	0	0	0	0	0	0	0	0	0	0	0
0	0	0	0	0	0	0	0	0	0	0	0	0	0	0	0
0	0	0	0	0	0	0	0	0	0	0	0	0	0	0	0
0	0	0	0	0	0	0	0	0	0	0	0	0	0	0	0
0	0	0	0	0	0	0	0	0	0	0	0	0	0	0	0
0	0	0	0	0	0	0	0	0	0	0	0	0	0	0	0
0	0	0	0	0	0	0	0	0	0	0	0	0	0	0	0
0	0	0	0	0	0	0	0	0	0	0	0	0	0	0	0
0	0	0	0	0	0	0	0	0	0	0	0	0	0	0	0
0	0	0	0	0	0	0	0	0	0	0	0	0	0	0	0
0	0	0	0	0	0	0	0	0	0	0	0	0	0	0	0
0	0	0	0	0	0	0	0	0	0	0	0	0	0	0	0
0	0	0	0	0	0	0	0	0	0	0	0	0	0	0	0
0	0	0	0	0	0	0	0	0	0	0	0	0	0	0	0
0	0	0	0	0	0	0	0	0	0	0	0	0	0	0	0
0	0	0	0	0	0	0	0	0	0	0	0	0	0	0	0
0	0	0	0	0	0	0	0	0	0	0	0	0	0	0	0
0	0	0	0	0	0	0	0	0	0	0	0	0	0	0	0
0	0	0	0	0	0	0	0	0	0	0	0	0	0	0	0
0	0	0	0	0	0	0	0	0	0	0	0	0	0	0	0
0	0	0	0	0	0	0	0	0	0	0	0	0	0	0	0
0	0	0	0	0	0	0	0	0	0	0	0	0	0	0	0
0	0	0	0	0	0	0	0	0	0	0	0	0	0	0	0
0	0	0	0	0	0	0	0	0	0	0	0	0	0	0	0
0	0	0	0	0	0	0	0	0	0	0	0	0	0	0	0
0	0	0	0	0	0	0	0	0	0	0	0	0	0	0	0
0	0	0	0	0	0	0	0	0	0	0	0	0	0	0	0
0	0	0	0	0	0	0	0	0	0	0	0	0	0	0	0
0	0	0	0	0	0	0	0	0	0	0	0	0	0	0	0
0	0	0	0	0	0	0	0	0	0	0	0	0	0	0	0
0	0	0	0	0	0	0	0	0	0	0	0	0	0	0	0
0	0	0	0	0	0	0	0	0	0	0	0	0	0	0	0
0	0	0	0	0	0	0	0	0	0	0	0	0	0	0	0
0	0	0	0	0	0	0	0	0	0	0	0	0	0	0	0
0	0	0	0	0	0	0	0	0	0	0	0	0	0	0	0
0	0	0	0	0	0	0	0	0	0	0	0	0	0	0	0
0	0	0	0	0	0	0	0	0	0	0	0	0	0	0	0
0	0	0	0	0	0	0	0	0	0	0	0	0	0	0	0
0	0	0	0	0	0	0	0	0	0	0	0	0	0	0	0
0	0	0	0	0	0	0	0	0	0	0	0	0	0	0	0
0	0	0	0	0	0	0	0	0	0	0	0	0	0	0	0
0	0	0	0	0	0	0	0	0	0	0	0	0	0	0	0
0	0	0	0	0	0	0	0	0	0	0	0	0	0	0	0
0	0	0	0	0	0	0	0	0	0	0	0	0	0	0	0
0	0	0	0	0	0	0	0	0	0	0	0	0	0	0	0
0	0	0	0	0	0	0	0	0	0	0	0	0	0	0	0
0	0	0	0	0	0	0	0	0	0	0	0	0	0	0	0
0	0	0	0	0	0	0	0	0	0	0	0	0	0	0	0
0	0	0	0	0	0	0	0	0	0	0	0	0	0	0	0
0	0	0	0	0	0	0	0	0	0	0	0	0	0	0	0
0	0	0	0	0	0	0	0	0	0	0	0	0	0	0	0
0	0	0	0	0	0	0	0	0	0	0	0	0	0	0	0
0	0	0	0	0	0	0	0	0	0	0	0	0	0	0	0
0	0	0	0	0	0	0	0	0	0	0	0	0	0	0	0
0	0	0	0	0	0	0	0	0	0	0	0	0	0	0	0
0	0	0	0	0	0	0	0	0	0	0	0	0	0	0	0
0	0	0	0	0	0	0	0	0	0	0	0	0	0	0	0
0	0	0	0	0	0	0	0	0	0	0	0	0	0	0	0
0	0	0	0	0	0	0	0	0	0	0	0	0	0	0	0
0	0	0	0	0	0	0	0	0	0	0	0	0	0	0	0
0	0	0	0	0	0	0	0	0	0	0	0	0	0	0	0
0	0	0	0	0	0	0	0	0	0	0	0	0	0	0	0
0	0	0	0	0	0	0	0	0	0	0	0	0	0	0	0
0	0	0	0	0	0	0	0	0	0	0	0	0	0	0	0
0	0	0	0	0	0	0	0	0	0	0	0	0	0	0	0
0	0	0	0	0	0	0	0	0	0	0	0	0	0	0	0
0	0	0	0	0	0	0	0	0	0	0	0	0	0	0	0
0	0	0	0	0	0	0	0	0	0	0	0	0	0	0	0
0	0	0	0	0	0	0	0	0	0	0	0	0	0	0	0
0	0	0	0	0	0	0	0	0	0	0	0	0	0	0	0
0	0	0	0	0	0	0	0	0	0	0	0	0	0	0	0
0	0	0	0	0	0	0	0	0	0	0	0	0	0	0	0
0	0	0	0	0	0	0	0	0	0	0	0	0	0	0	0
0	0	0	0	0	0	0	0	0	0	0	0	0	0	0	0
0	0	0	0	0	0	0	0	0	0	0	0	0	0	0	0
0	0	0	0	0	0	0	0	0	0	0	0	0	0	0	0
0	0	0	0	0	0	0	0	0	0	0	0	0	0	0	0
0	0	0	0	0	0	0	0	0	0	0	0	0	0	0	0
0	0	0	0	0	0	0	0	0	0	0	0	0	0	0	0
0	0	0	0	0	0	0	0	0	0	0	0	0	0	0	0
0	0	0	0	0	0	0	0	0	0	0	0	0	0	0	0
0	0	0	0	0	0	0	0	0	0	0	0	0	0	0	0
0	0	0	0	0	0	0	0	0	0	0	0	0	0	0	0
0	0	0	0	0	0	0	0	0	0	0	0	0	0	0	0
0	0	0	0	0	0	0	0	0	0	0	0	0	0	0	0
0	0	0	0	0	0	0	0	0	0	0	0	0	0	0	0
0	0	0	0	0	0	0	0	0	0	0	0	0	0	0	0
0	0	0	0	0	0	0	0	0	0	0	0	0	0	0	0
0	0	0	0	0	0	0	0	0	0	0	0	0	0	0	0
0	0	0	0	0	0	0	0	0	0	0	0	0	0	0	0
0	0	0	0	0	0	0	0	0	0	0	0	0	0	0	0
0	0	0	0	0	0	0	0	0	0	0	0	0	0	0	0
0	0	0	0	0	0	0	0	0	0	0	0	0	0	0	0
0	0	0	0	0	0	0	0	0	0	0	0	0	0	0	0
0	0	0	0	0	0	0	0	0	0	0	0	0	0	0	0
0	0	0	0	0	0	0	0	0	0	0	0	0	0	0	0
0	0	0	0	0	0	0	0	0	0	0	0	0	0	0	0
0	0	0	0	0	0	0	0	0	0	0	0	0	0	0	0
0	0	0	0	0	0	0	0	0	0	0	0	0	0	0	0
0	0	0	0	0	0	0	0	0	0	0	0	0	0	0	0
0	0	0	0	0	0	0	0	0	0	0	0	0	0	0	0
0	0	0	0	0	0	0	0	0	0	0	0	0	0	0	0
0	0	0	0	0	0	0	0	0	0	0	0	0	0	0	0
0	0	0	0	0	0	0	0	0	0	0	0	0	0	0	0
0	0	0	0	0	0	0	0	0	0	0	0	0	0	0	0
0	0	0	0	0	0	0	0	0	0	0	0	0	0	0	0
0	0	0	0	0	0	0	0	0	0	0	0	0	0	0	0
0	0	0	0	0	0	0	0	0	0	0	0	0	0	0	0
0	0	0	0	0	0	0	0	0	0	0	0	0	0	0	0
0	0	0	0	0	0	0	0	0	0	0	0	0	0	0	0
0	0	0	0	0	0	0	0	0	0	0	0	0	0	0	0
0	0	0	0	0	0	0	0	0	0	0	0	0	0	0	0
0	0	0	0	0	0	0	0	0	0	0	0	0	0	0	0
0	0	0	0	0	0	0	0	0	0	0	0	0	0	0	0
0	0	0	0	0	0	0	0	0	0	0	0	0	0	0	0
0	0	0	0	0	0	0	0	0	0	0	0	0	0	0	0
0	0	0	0	0	0	0	0	0	0	0	0	0	0	0	0
0	0	0	0	0	0	0	0	0	0	0	0	0	0	0	0
0	0	0	0	0	0	0	0	0	0	0	0	0	0	0	0
0	0	0	0	0	0	0	0	0	0	0	0	0	0	0	0
0	0	0	0	0	0	0	0	0	0	0	0	0	0	0	0
0	0	0	0	0	0	0	0	0	0	0	0	0	0	0	0
0	0	0	0	0	0	0	0	0	0	0	0	0	0	0	0
0	0	0	0	0	0	0	0	0	0	0	0	0	0	0	0
0	0	0	0	0	0	0	0	0	0	0	0	0	0	0	0
0	0	0	0	0	0	0	0	0	0	0	0	0	0	0	0
0	0	0	0	0	0	0	0	0	0	0	0	0	0	0	0
0	0	0	0	0	0	0	0	0	0	0	0	0	0	0	0
0	0	0	0	0	0	0	0	0	0	0	0	0	0	0	0
0	0	0	0	0	0	0	0	0	0	0	0	0	0	0	0
0	0	0	0	0	0	0	0	0	0	0	0	0	0	0	0
0	0	0	0	0	0	0	0	0	0	0	0	0	0	0	0
0	0	0	0	0	0	0	0	0	0	0	0	0	0	0	0
0	0	0	0	0	0	0	0	0	0	0	0	0	0	0	0
0	0	0	0	0	0	0	0	0	0	0	0	0	0	0	0
0	0	0	0	0	0	0	0	0	0	0	0	0	0	0	0
0	0	0	0	0	0	0	0	0	0	0	0	0	0	0	0
0	0	0	0	0	0	0	0	0	0	0	0	0	0	0	0
0	0	0	0	0	0	0	0	0	0	0	0	0	0	0	0
0	0	0	0	0	0	0	0	0	0	0	0	0	0	0	0
0	0	0	0	0	0	0	0	0	0	0	0	0	0	0	0
0	0	0	0	0	0	0	0	0	0	0	0	0	0	0	0
0	0	0	0	0	0	0	0	0	0	0	0	0	0	0	0
0	0	0	0	0	0	0	0	0	0	0	0	0	0	0	0
0	0	0	0	0	0	0	0	0	0	0	0	0	0	0	0
0	0	0	0	0	0	0	0	0	0	0	0	0	0	0	0
0	0	0	0	0	0	0	0	0	0	0	0	0	0	0	0
0	0	0	0	0	0	0	0	0	0	0	0	0	0	0	0
0	0	0	0	0	0	0	0	0	0	0	0	0	0	0	0
0	0	0	0	0	0	0	0	0	0	0	0	0	0	0	0
0	0	0	0	0	0	0	0	0	0	0	0	0	0	0	0
0	0	0	0	0	0	0	0	0	0	0	0	0	0	0	0
0	0	0	0	0	0	0	0	0	0	0	0	0	0	0	0
0	0	0	0	0	0	0	0	0	0	0	0	0	0	0	0
0	0	0	0	0	0	0	0	0	0	0	0	0	0	0	0
0	0	0	0	0	0	0	0	0	0	0	0	0	0	0	0
0	0	0	0	0	0	0	0	0	0	0	0	0	0	0	0
0	0	0	0	0	0	0	0	0	0	0	0	0	0	0	0
0	0	0	0	0	0	0	0	0	0	0	0	0	0	0	0
0	0	0	0	0	0	0	0	0	0	0	0	0	0	0	0
0	0	0	0	0	0	0	0	0	0	0	0	0	0	0	0
0	0	0	0	0	0	0	0	0	0	0	0	0	0	0	0
0	0	0	0	0	0	0	0	0	0	0	0	0	0	0	0
0	0	0	0	0	0	0	0	0	0	0	0	0	0	0	0
0	0	0	0	0	0	0	0	0	0	0	0	0	0	0	0
0	0	0	0	0	0	0	0	0	0	0	0	0	0	0	0
0	0	0	0	0	0	0	0	0	0	0	0	0	0	0	0
0	0	0	0	0	0	0	0	0	0	0	0	0	0	0	0
0	0	0	0	0	0	0	0	0	0	0	0	0	0	0	0
0	0	0	0	0	0	0	0	0	0	0	0	0	0	0	0
0	0	0	0	0	0	0	0	0	0	0	0	0	0	0	0
0	0	0	0	0	0	0	0	0	0	0	0	0	0	0	0
0	0	0	0	0	0	0	0	0	0	0	0	0	0	0	0
0	0	0	0	0	0	0	0	0	0	0	0	0	0	0	0
0	0	0	0	0	0	0	0	0	0	0	0	0	0	0	0
0	0	0	0	0	0	0	0	0	0	0	0	0	0	0	0
0	0	0	0	0	0	0	0	0	0	0	0	0	0	0	0
0	0	0	0	0	0	0	0	0	0	0	0	0	0	0	0
0	0	0	0	0	0	0	0	0	0	0	0	0	0	0	0
0	0	0	0	0	0	0	0	0	0	0	0	0	0	0	0
0	0	0	0	0	0	0	0	0	0	0	0	0	0	0	0
0	0	0	0	0	0	0	0	0	0	0	0	0	0	0	0
0	0	0	0	0	0	0	0	0	0	0	0	0	0	0	0
0	0	0	0	0	0	0	0	0	0	0	0	0	0	0	0
0	0	0	0	0	0	0	0	0	0	0	0	0	0	0	0
0	0	0	0	0	0	0	0	0	0	0	0	0	0	0	0
0	0	0	0	0	0	0	0	0	0	0	0	0	0	0	0
0	0	0	0	0	0	0	0	0	0	0	0	0	0	0	0
0	0	0	0	0	0	0	0	0	0	0	0	0	0	0	0
0	0	0	0	0	0	0	0	0	0	0	0	0	0	0	0
0	0	0	0	0	0	0	0	0	0	0	0	0	0	0	0
0	0	0	0	0	0	0	0	0	0	0	0	0	0	0	0
0	0	0	0	0	0	0	0	0	0	0	0	0	0	0	0
0	0	0	0	0	0	0	0	0	0	0	0	0	0	0	0
0	0	0	0	0	0	0	0	0	0	0	0	0	0	0	0
0	0	0	0	0	0	0	0	0	0	0	0	0	0	0	0
0	0	0	0	0	0	0	0	0	0	0	0	0	0	0	0
0	0	0	0	0	0	0	0	0	0	0	0	0	0	0	0
0	0	0	0	0	0	0	0	0	0	0	0	0	0	0	0
0	0	0	0	0	0	0	0	0	0	0	0	0	0	0	0
0	0	0	0	0	0	0	0	0	0	0	0	0	0	0	0
0	0	0	0	0	0	0	0	0	0	0	0	0	0	0	0
0	0	0	0	0	0	0	0	0	0	0	0	0	0	0	0
0	0	0	0	0	0	0	0	0	0	0	0	0	0	0	0
0	0	0	0	0	0	0	0	0	0	0	0	0	0	0	0
0	0	0	0	0	0	0	0	0	0	0	0	0	0	0	0
0	0	0	0	0	0	0	0	0	0	0	0	0	0	0	0
0	0	0	0	0	0	0	0	0	0	0	0	0	0	0	0
0	0	0	0	0	0	0	0	0	0	0	0	0	0	0	0
0	0	0	0	0	0	0	0	0	0	0	0	0	0	0	0
0	0	0	0	0	0	0	0	0	0	0	0	0	0	0	0
0	0	0	0	0	0	0	0	0	0	0	0	0	0	0	0
0	0	0	0	0	0	0	0	0	0	0	0	0	0	0	0
0	0	0	0	0	0	0	0	0	0	0	0	0	0	0	0
0	0	0	0	0	0	0	0	0	0	0	0	0	0	0	0
0	0	0	0	0	0	0	0	0	0	0	0	0	0	0	0
0	0	0	0	0	0	0	0	0	0	0	0	0	0	0	0
0	0	0	0	0	0	0	0	0	0	0	0	0	0	0	0
0	0	0	0	0	0	0	0	0	0	0	0	0	0	0	0
0	0	0	0	0	0	0	0	0	0	0	0	0	0	0	0
0	0	0	0	0	0	0	0	0	0	0	0	0	0	0	0
0	0	0	0	0	0	0	0	0	0	0	0	0	0	0	0
0	0	0	0	0	0	0	0	0	0	0	0	0	0	0	0
0	0	0	0	0	0	0	0	0	0	0	0	0	0	0	0
0	0	0	0	0	0	0	0	0	0	0	0	0	0	0	0
0	0	0	0	0	0	0	0	0	0	0	0	0	0	0	0
0	0	0	0	0	0	0	0	0	0	0	0	0	0	0	0
0	0	0	0	0	0	0	0	0	0	0	0	0	0	0	0
0	0	0	0	0	0	0	0	0	0	0	0	0	0	0	0
0	0	0	0	0	0	0	0	0	0	0	0	0	0	0	0
0	0	0	0	0	0	0	0	0	0	0	0	0	0	0	0
0	0	0	0	0	0	0	0	0	0	0	0	0	0	0	0
0	0	0	0	0	0	0	0	0	0	0	0	0	0	0	0
0	0	0	0	0	0	0	0	0	0	0	0	0	0	0	0
0	0	0	0	0	0	0	0	0	0	0	0	0	0	0	0
0	0	0	0	0	0	0	0	0	0	0	0	0	0	0	0
0	0	0	0	0	0	0	0	0	0	0	0	0	0	0	0
0	0	0	0	0	0	0	0	0	0	0	0	0	0	0	0
0	0	0	0	0	0	0	0	0	0	0	0	0	0	0	0
0	0	0	0	0	0	0	0	0	0	0	0	0	0	0	0
0	0	0	0	0	0	0	0	0	0	0	0	0	0	0	0
0	0	0	0	0	0	0	0	0	0	0	0	0	0	0	0
0	0	0	0	0	0	0	0	0	0	0	0	0	0	0	0
0	0	0	0	0	0	0	0	0	0	0	0	0	0	0	0
0	0	0	0	0	0	0	0	0	0	0	0	0	0	0	0
0	0	0	0	0	0	0	0	0	0	0	0	0	0	0	0
0	0	0	0	0	0	0	0	0	0	0	0	0	0	0	0
0	0	0	0	0	0	0	0	0	0	0	0	0	0	0	0
0	0	0	0	0	0	0	0	0	0	0	0	0	0	0	0
0	0	0	0	0	0	0	0	0	0	0	0	0	0	0	0
0	0	0	0	0	0	0	0	0	0	0	0	0	0	0	0
0	0	0	0	0	0	0	0	0	0	0	0	0	0	0	0
0	0	0	0	0	0	0	0	0	0	0	0	0	0	0	0
0	0	0	0	0	0	0	0	0	0	0	0	0	0	0	0
0	0	0	0	0	0	0	0	0	0	0	0	0	0	0	0
0	0	0	0	0	0	0	0	0	0	0	0	0	0	0	0
0	0	0	0	0	0	0	0	0	0	0	0	0	0	0	0
0	0	0	0	0	0	0	0	0	0	0	0	0	0	0	0
0	0	0	0	0	0	0	0	0	0	0	0	0	0	0	0
0	0	0	0	0	0	0	0	0	0	0	0	0	0	0	0
0	0	0	0	0	0	0	0	0	0	0	0	0	0	0	0
0	0	0	0	0	0	0	0	0	0	0	0	0	0	0	0
0	0	0	0	0	0	0	0	0	0	0	0	0	0	0	0
0	0	0	0	0	0	0	0	0	0	0	0	0	0	0	0
0	0	0	0	0	0	0	0	0	0	0	0	0	0	0	0
0	0	0	0	0	0	0	0	0	0	0	0	0	0	0	0
0	0	0	0	0	0	0	0	0	0	0	0	0	0	0	0
0	0	0	0	0	0	0	0	0	0	0	0	0	0	0	0
0	0	0	0	0	0	0	0	0	0	0	0	0	0	0	0
0	0	0	0	0	0	0	0	0	0	0	0	0	0	0	0
0	0	0	0	0	0	0	0	0	0	0	0	0	0	0	0
0	0	0	0	0	0	0	0	0	0	0	0	0	0	0	0
0	0	0	0	0	0	0	0	0	0	0	0	0	0	0	0
0	0	0	0	0	0	0	0	0	0	0	0	0	0	0	0
0	0	0	0	0	0	0	0	0	0	0	0	0	0	0	0
0	0	0	0	0	0	0	0	0	0	0	0	0	0	0	0
0	0	0	0	0	0	0	0	0	0	0	0	0	0	0	0
0	0	0	0	0	0	0	0	0	0	0	0	0	0	0	0
0	0	0	0	0	0	0	0	0	0	0	0	0	0	0	0
0	0	0	0	0	0	0	0	0	0	0	0	0	0	0	0
0	0	0	0	0	0	0	0	0	0	0	0	0	0	0	0
0	0	0	0	0	0	0	0	0	0	0	0	0	0	0	0
0	0	0	0	0	0	0	0	0	0	0	0	0	0	0	0
0	0	0	0	0	0	0	0	0	0	0	0	0	0	0	0
0	0	0	0	0	0	0	0	0	0	0	0	0	0	0	0
0	0	0	0	0	0	0	0	0	0	0	0	0	0	0	0
0	0	0	0	0	0	0	0	0	0	0	0	0	0	0	0
0	0	0	0	0	0	0	0	0	0	0	0	0	0	0	0
0	0	0	0	0	0	0	0	0	0	0	0	0	0	0	0
0	0	0	0	0	0	0	0	0	0	0	0	0	0	0	0
0	0	0	0	0	0	0	0	0	0	0	0	0	0	0	0
0	0	0	0	0	0	0	0	0	0	0	0	0	0	0	0
0	0	0	0	0	0	0	0	0	0	0	0	0	0	0	0
0	0	0	0	0	0	0	0	0	0	0	0	0	0	0	0
0	0	0	0	0	0	0	0	0	0	0	0	0	0	0	0
0	0	0	0	0	0	0	0	0	0	0	0	0	0	0	0
0	0	0	0	0	0	0	0	0	0	0	0	0	0	0	0
0	0	0	0	0	0	0	0	0	0	0	0	0	0	0	0
0	0	0	0	0	0	0	0	0	0	0	0	0	0	0	0
0	0	0	0	0	0	0	0	0	0	0	0	0	0	0	0
0	0	0	0	0	0	0	0	0	0	0	0	0	0	0	0
0	0	0	0	0	0	0	0	0	0	0	0	0	0	0	0
0	0	0	0	0	0	0	0	0	0	0	0	0	0	0	0
0	0	0	0	0	0	0	0	0	0	0	0	0	0	0	0
0	0	0	0	0	0	0	0	0	0	0	0	0	0	0	0
0	0	0	0	0	0	0	0	0	0	0	0	0	0	0	0
0	0	0	0	0	0	0	0	0	0	0	0	0	0	0	0
0	0	0	0	0	0	0	0	0	0	0	0	0	0	0	0
0	0	0	0	0	0	0	0	0	0	0	0	0	0	0	0
0	0	0	0	0	0	0	0	0	0	0	0	0	0	0	0
0	0	0	0	0	0	0	0	0	0	0	0	0	0	0	0
0	0	0	0	0	0	0	0	0	0	0	0	0	0	0	0
0	0	0	0	0	0	0	0	0	0	0	0	0	0	0	0
0	0	0	0	0	0	0	0	0	0	0	0	0	0	0	0
0	0	0	0	0	0	0	0	0	0	0	0	0	0	0	0
0	0	0	0	0	0	0	0	0	0	0	0	0	0	0	0
0	0	0	0	0	0	0	0	0	0	0	0	0	0	0	0
0	0	0	0	0	0	0	0	0	0	0	0	0	0	0	0
0	0	0	0	0	0	0	0	0	0	0	0	0	0	0	0
0	0	0	0	0	0	0	0	0	0	0	0	0	0	0	0
0	0	0	0	0	0	0	0	0	0	0	0	0	0	0	0
0	0	0	0	0	0	0	0	0	0	0	0	0	0	0	0
0	0	0	0	0	0	0	0	0	0	0	0	0	0	0	0
0	0	0	0	0	0	0	0	0	0	0	0	0	0	0	0
0	0	0	0	0	0	0	0	0	0	0	0	0	0	0	0
0	0	0	0	0	0	0	0	0	0	0	0	0	0	0	0
0	0	0	0	0	0	0	0	0	0	0	0	0	0	0	0
0	0	0	0	0	0	0	0	0	0	0	0	0	0	0	0
0	0	0	0	0	0	0	0	0	0	0	0	0	0	0	0
0	0	0	0	0	0	0	0	0	0	0	0	0	0	0	0
0	0	0	0	0	0	0	0	0	0	0	0	0	0	0	0
0	0	0	0	0	0	0	0	0	0	0	0	0	0	0	0
0	0	0	0	0	0	0	0	0	0	0	0	0	0	0	0
0	0	0	0	0	0	0	0	0	0	0	0	0	0	0	0
0	0	0	0	0	0	0	0	0	0	0	0	0	0	0	0
0	0	0	0	0	0	0	0	0	0	0	0	0	0	0	0
0	0	0	0	0	0	0	0	0	0	0	0	0	0	0	0
0	0	0	0	0	0	0	0	0	0	0	0	0	0	0	0
0	0	0	0	0	0	0	0	0	0	0	0	0	0	0	0
0	0	0	0	0	0	0	0	0	0	0	0	0	0	0	0
0	0	0	0	0	0	0	0	0	0	0	0	0	0	0	0
0	0	0	0	0	0	0	0	0	0	0	0	0	0	0	0
0	0	0	0	0	0	0	0	0	0	0	0	0	0	0	0
0	0	0	0	0	0	0	0	0	0	0	0	0	0	0	0
0	0	0	0	0	0	0	0	0	0	0	0	0	0	0	0
0	0	0	0	0	0	0	0	0	0	0	0	0	0	0	0
0	0	0	0	0	0	0	0	0	0	0	0	0	0	0	0
0	0	0	0	0	0	0	0	0	0	0	0	0	0	0	0
0	0	0	0	0	0	0	0	0	0	0	0	0	0	0	0
0	0	0	0	0	0	0	0	0	0	0	0	0	0	0	0
0	0	0	0	0	0	0	0	0	0	0	0	0	0	0	0
0	0	0	0	0	0	0	0	0	0	0	0	0	0	0	0
0	0	0	0	0	0	0	0	0	0	0	0	0	0	0	0
0	0	0	0	0	0	0	0	0	0	0	0	0	0	0	0
0	0	0	0	0	0	0	0	0	0	0	0	0	0	0	0
0	0	0	0	0	0	0	0	0	0	0	0	0	0	0	0
0	0	0	0	0	0	0	0	0	0	0	0	0	0	0	0
0	0	0	0	0	0	0	0	0	0	0	0	0	0	0	0
0	0	0	0	0	0	0	0	0	0	0	0	0	0	0	0
0	0	0	0	0	0	0	0	0	0	0	0	0	0	0	0
0	0	0	0	0	0	0	0	0	0	0	0	0	0	0	0
0	0	0	0	0	0	0	0	0	0	0	0	0	0	0	0
0	0	0	0	0	0	0	0	0	0	0	0	0	0	0	0
0	0	0	0	0	0	0	0	0	0	0	0	0	0	0	0
0	0	0	0	0	0	0	0	0	0	0	0	0	0	0	0
0	0	0	0	0	0	0	0	0	0	0	0	0	0	0	0
0	0	0	0	0	0	0	0	0	0	0	0	0	0	0	0
0	0	0	0	0	0	0	0	0	0	0	0	0	0	0	0
0	0	0	0	0	0	0	0	0	0	0	0	0	0	0	0
0	0	0	0	0	0	0	0	0	0	0	0	0	0	0	0
0	0	0	0	0	0	0	0	0	0	0	0	0	0	0	0
0	0	0	0	0	0	0	0	0	0	0	0	0	0	0	0
0	0	0	0	0	0	0	0	0	0	0	0	0	0	0	0
0	0	0	0	0	0	0	0	0	0	0	0	0	0	0	0
0	0	0	0	0	0	0	0	0	0	0	0	0	0	0	0
0	0	0	0	0	0	0	0	0	0	0	0	0	0	0	0
0	0	0	0	0	0	0	0	0	0	0	0	0	0	0	0
0	0	0	0	0	0	0	0	0	0	0	0	0	0	0	0
0	0	0	0	0	0	0	0	0	0	0	0	0	0	0	0
0	0	0	0	0	0	0	0	0	0	0	0	0	0	0	0
0	0	0	0	0	0	0	0	0	0	0	0	0	0	0	0
0	0	0	0	0	0	0	0	0	0	0	0	0	0	0	0
0	0	0	0	0	0	0	0	0	0	0	0	0	0	0	0
0	0	0	0	0	0	0	0	0	0	0	0	0	0	0	0
0	0	0	0	0	0	0	0	0	0	0	0	0	0	0	0
0	0	0	0	0	0	0	0	0	0	0	0	0	0	0	0
0	0	0	0	0	0	0	0	0	0	0	0	0	0	0	0
0	0	0	0	0	0	0	0	0	0	0	0	0	0	0	0
0	0	0	0	0	0	0	0	0	0	0	0	0	0	0	0
0	0	0	0	0	0	0	0	0	0	0	0	0	0	0	0
0	0	0	0	0	0	0	0	0	0	0	0	0	0	0	0
0	0	0	0	0	0	0	0	0	0	0	0	0	0	0	0
0	0	0	0	0	0	0	0	0	0	0	0	0	0	0	0
0	0	0	0	0	0	0	0	0	0	0	0	0	0	0	0
0	0	0	0	0	0	0	0	0	0	0	0	0	0	0	0
0	0	0	0	0	0	0	0	0	0	0	0	0	0	0	0
0	0	0	0	0	0	0	0	0	0	0	0	0	0	0	0
0	0	0	0	0	0	0	0	0	0	0	0	0	0	0	0
0	0	0	0	0	0	0	0	0	0	0	0	0	0	0	0
0	0	0	0	0	0	0	0	0	0	0	0	0	0	0	0
0	0	0	0	0	0	0	0	0	0	0	0	0	0	0	0
0	0	0	0	0	0	0	0	0	0	0	0	0	0	0	0
0	0	0	0	0	0	0	0	0	0	0	0	0	0	0	0
0	0	0	0	0	0	0	0	0	0	0	0	0	0	0	0
0	0	0	0	0	0	0	0	0	0	0	0	0	0	0	0
0	0	0	0	0	0	0	0	0	0	0	0	0	0	0	0
0	0	0	0	0	0	0	0	0	0	0	0	0	0	0	0
0	0	0	0	0	0	0	0	0	0	0	0	0	0	0	0
0	0	0	0	0	0	0	0	0	0	0	0	0	0	0	0
0	0	0	0	0	0	0	0	0	0	0	0	0	0	0	0
0	0	0	0	0	0	0	0	0	0	0	0	0	0	0	0
0	0	0	0	0	0	0	0	0	0	0	0	0	0	0	0
0	0	0	0	0	0	0	0	0	0	0	0	0	0	0	0
0	0	0	0	0	0	0	0	0	0	0	0	0	0	0	0
0	0	0	0	0	0	0	0	0	0	0	0	0	0	0	0
0	0	0	0	0	0	0	0	0	0	0	0	0	0	0	0
0	0	0	0	0	0	0	0	0	0	0	0	0	0	0	0
0	0	0	0	0	0	0	0	0	0	0	0	0	0	0	0
0	0	0	0	0	0	0	0	0	0	0	0	0	0	0	0
0	0	0	0	0	0	0	0	0	0	0	0	0	0	0	0
0	0	0	0	0	0	0	0	0	0	0	0	0	0	0	0
0	0	0	0	0	0	0	0	0	0	0	0	0	0	0	0
0	0	0	0	0	0	0	0	0	0	0	0	0	0	0	0
0	0	0	0	0	0	0	0	0	0	0	0	0	0	0	0
0	0	0	0	0	0	0	0	0	0	0	0	0	0	0	0
0	0	0	0	0	0	0	0	0	0	0	0	0	0	0	0
0	0	0	0	0	0	0	0	0	0	0	0	0	0	0	0
0	0	0	0	0	0	0	0	0	0	0	0	0	0	0	0
0	0	0	0	0	0	0	0	0	0	0	0	0	0	0	0
0	0	0	0	0	0	0	0	0	0	0	0	0	0	0	0
0	0	0	0	0	0	0	0	0	0	0	0	0	0	0	0
0	0	0	0	0	0	0	0	0	0	0	0	0	0	0	0
0	0	0	0	0	0	0	0	0	0	0	0	0	0	0	0
0	0	0	0	0	0	0	0	0	0	0	0	0	0	0	0
0	0	0	0	0	0	0	0	0	0	0	0	0	0	0	0
0	0	0	0	0	0	0	0	0	0	0	0	0	0	0	0
0	0	0	0	0	0	0	0	0	0	0	0	0	0	0	0
0	0	0	0	0	0	0	0	0	0	0	0	0	0	0	0
0	0	0	0	0	0	0	0	0	0	0	0	0	0	0	0
0	0	0	0	0	0	0	0	0	0	0	0	0	0	0	0
0	0	0	0	0	0	0	0	0	0	0	0	0	0	0	0
0	0	0	0	0	0	0	0	0	0	0	0	0	0	0	0
0	0	0	0	0	0	0	0	0	0	0	0	0	0	0	0
0	0	0	0	0	0	0	0	0	0	0	0	0	0	0	0
0	0	0	0	0	0	0	0	0	0	0	0	0	0	0	0
0	0	0	0	0	0	0	0	0	0	0	0	0	0	0	0
0	0	0	0	0	0	0	0	0	0	0	0	0	0	0	0
0	0	0	0	0	0	0	0	0	0	0	0	0	0	0	0
0	0	0	0	0	0	0	0	0	0	0	0	0	0	0	0
0	0	0	0	0	0	0	0	0	0	0	0	0	0	0	0
0	0	0	0	0	0	0	0	0	0	0	0	0	0	0	0
0	0	0	0	0	0	0	0	0	0	0	0	0	0	0	0
0	0	0	0	0	0	0	0	0	0	0	0	0	0	0	0
0	0	0	0	0	0	0	0	0	0	0	0	0	0	0	0
0	0	0	0	0	0	0	0	0	0	0	0	0	0	0	0
0	0	0	0	0	0	0	0	0	0	0	0	0	0	0	0
0	0	0	0	0	0	0	0	0	0	0	0	0	0	0	0
0	0	0	0	0	0	0	0	0	0	0	0	0	0	0	0
0	0	0	0	0	0	0	0	0	0	0	0	0	0	0	0
0	0	0	0	0	0	0	0	0	0	0	0	0	0	0	0
0	0	0	0	0	0	0	0	0	0	0	0	0	0	0	0
0	0	0	0	0	0	0	0	0	0	0	0	0	0	0	0
0	0	0	0	0	0	0	0	0	0	0	0	0	0	0	0
0	0	0	0	0	0	0	0	0	0	0	0	0	0	0	0
0	0	0	0	0	0	0	0	0	0	0	0	0	0	0	0
0	0	0	0	0	0	0	0	0	0	0	0	0	0	0	0
0	0	0	0	0	0	0	0	0	0	0	0	0	0	0	0
0	0	0	0	0	0	0	0	0	0	0	0	0	0	0	0
0	0	0	0	0	0	0	0	0	0	0	0	0	0	0	0
0	0	0	0	0	0	0	0	0	0	0	0	0	0	0	0
0	0	0	0	0	0	0	0	0	0	0	0	0	0	0	0
0	0	0	0	0	0	0	0	0	0	0	0	0	0	0	0
0	0	0	0	0	0	0	0	0	0	0	0	0	0	0	0
0	0	0	0	0	0	0	0	0	0	0	0	0	0	0	0
0	0	0	0	0	0	0	0	0	0	0	0	0	0	0	0
0	0	0	0	0	0	0	0	0	0	0	0	0	0	0	0
0	0	0	0	0	0	0	0	0	0	0	0	0	0	0	0
0	0	0	0	0	0	0	0	0	0	0	0	0	0	0	0
0	0	0	0	0	0	0	0	0	0	0	0	0	0	0	0
0	0	0	0	0	0	0	0	0	0	0	0	0	0	0	0
0	0	0	0	0	0	0	0	0	0	0	0	0	0	0	0
0	0	0	0	0	0	0	0	0	0	0	0	0	0	0	0
0	0	0	0	0	0	0	0	0	0	0	0	0	0	0	0
0	0	0	0	0	0	0	0	0	0	0	0	0	0	0	0
0	0	0	0	0	0	0	0	0	0	0	0	0	0	0	0
0	0	0	0	0	0	0	0	0	0	0	0	0	0	0	0
0	0	0	0	0	0	0	0	0	0	0	0	0	0	0	0
0	0	0	0	0	0	0	0	0	0	0	0	0	0	0	0
0	0	0	0	0	0	0	0	0	0	0	0	0	0	0	0
0	0	0	0	0	0	0	0	0	0	0	0	0	0	0	0
0	0	0	0	0	0	0	0	0	0	0	0	0	0	0	0
0	0	0	0	0	0	0	0	0	0	0	0	0	0	0	0
0	0	0	0	0	0	0	0	0	0	0	0	0	0	0	0
0	0	0	0	0	0	0	0	0	0	0	0	0	0	0	0
0	0	0	0	0	0	0	0	0	0	0	0	0	0	0	0
0	0	0	0	0	0	0	0	0	0	0	0	0	0	0	0
0	0	0	0	0	0	0	0	0	0	0	0	0	0	0	0
0	0	0	0	0	0	0	0	0	0	0	0	0	0	0	0
0	0	0	0	0	0	0	0	0	0	0	0	0	0	0	0
0	0	0	0	0	0	0	0	0	0	0	0	0	0	0	0
0	0	0	0	0	0	0	0	0	0	0	0	0	0	0	0
0	0	0	0	0	0	0	0	0	0	0	0	0	0	0	0
0	0	0	0	0	0	0	0	0	0	0	0	0	0	0	0
0	0	0	0	0	0	0	0	0	0	0	0	0	0	0	0
0	0	0	0	0	0	0	0	0	0	0	0	0	0	0	0
0	0	0	0	0	0	0	0	0	0	0	0	0	0	0	0
0	0	0	0	0	0	0	0	0	0	0	0	0	0	0	0
0	0	0	0	0	0	0	0	0	0	0	0	0	0	0	0
0	0	0	0	0	0	0	0	0	0	0	0	0	0	0	0
0	0	0	0	0	0	0	0	0	0	0	0	0	0	0	0
0	0	0	0	0	0	0	0	0	0	0	0	0	0	0	0
0	0	0	0	0	0	0	0	0	0	0	0	0	0	0	0
0	0	0	0	0	0	0	0	0	0	0	0	0	0	0	0
0	0	0	0	0	0	0	0	0	0	0	0	0	0	0	0
0	0	0	0	0	0	0	0	0	0	0	0	0	0	0	0
0	0	0	0	0	0	0	0	0	0	0	0	0	0	0	0
0	0	0	0	0	0	0	0	0	0	0	0	0	0	0	0
0	0	0	0	0	0	0	0	0	0	0	0	0	0	0	0
0	0	0	0	0	0	0	0	0	0	0	0	0	0	0	0
0	0	0	0	0	0	0	0	0	0	0	0	0	0	0	0
0	0	0	0	0	0	0	0	0	0	0	0	0	0	0	0
0	0	0	0	0	0	0	0	0	0	0	0	0	0	0	0
0	0	0	0	0	0	0	0	0	0	0	0	0	0	0	0
0	0	0	0	0	0	0	0	0	0	0	0	0	0	0	0
0	0	0	0	0	0	0	0	0	0	0	0	0	0	0	0
0	0	0	0	0	0	0	0	0	0	0	0	0	0	0	0
0	0	0	0	0	0	0	0	0	0	0	0	0	0	0	0
0	0	0	0	0	0	0	0	0	0	0	0	0	0	0	0
0	0	0	0	0	0	0	0	0	0	0	0	0	0	0	0
0	0	0	0	0	0	0	0	0	0	0	0	0	0	0	0
0	0	0	0	0	0	0	0	0	0	0	0	0	0	0	0
0	0	0	0	0	0	0	0	0	0	0	0	0	0	0	0
0	0	0	0	0	0	0	0	0	0	0	0	0	0	0	0
0	0	0	0	0	0	0	0	0	0	0	0	0	0	0	0
0	0	0	0	0	0	0	0	0	0	0	0	0	0	0	0
0	0	0	0	0	0	0	0	0	0	0	0	0	0	0	0
0	0	0	0	0	0	0	0	0	0	0	0	0	0	0	0
0	0	0	0	0	0	0	0	0	0	0	0	0	0	0	0
0	0	0	0	0	0	0	0	0	0	0	0	0	0	0	0
0	0	0	0	0	0	0	0	0	0	0	0	0	0	0	0
0	0	0	0	0	0	0	0	0	0	0	0	0	0	0	0
0	0	0	0	0	0	0	0	0	0	0	0	0	0	0	0
0	0	0	0	0	0	0	0	0	0	0	0	0	0	0	0
0	0	0	0	0	0	0	0	0	0	0	0	0	0	0	0
0	0	0	0	0	0	0	0	0	0	0	0	0	0	0	0
0	0	0	0	0	0	0	0	0	0	0	0	0	0	0	0
0	0	0	0	0	0	0	0	0	0	0	0	0	0	0	0
0	0	0	0	0	0	0	0	0	0	0	0	0	0	0	0
0	0	0	0	0	0	0	0	0	0	0	0	0	0	0	0
0	0	0	0	0	0	0	0	0	0	0	0	0	0	0	0
0	0	0	0	0	0	0	0	0	0	0	0	0	0	0	0
0	0	0	0	0	0	0	0	0	0	0	0	0	0	0	0
0	0	0	0	0	0	0	0	0	0	0	0	0	0	0	0
0	0	0	0	0	0	0	0	0	0	0	0	0	0	0	0
0	0	0	0	0	0	0	0	0	0	0	0	0	0	0	0
0	0	0	0	0	0	0	0	0	0	0	0	0	0	0	0
0	0	0	0	0	0	0	0	0	0	0	0	0	0	0	0
0	0	0	0	0	0	0	0	0	0	0	0	0	0	0	0
0	0	0	0	0	0	0	0	0	0	0	0	0	0	0	0
0	0	0	0	0	0	0	0	0	0	0	0	0	0	0	0
0	0	0	0	0	0	0	0	0	0	0	0	0	0	0	0
0	0	0	0	0	0	0	0	0	0	0	0	0	0	0	0
0	0	0	0	0	0	0	0	0	0	0	0	0	0	0	0
0	0	0	0	0	0	0	0	0	0	0	0	0	0	0	0
0	0	0	0	0	0	0	0	0	0	0	0	0	0	0	0
0	0	0	0	0	0	0	0	0	0	0	0	0	0	0	0
0	0	0	0	0	0	0	0	0	0	0	0	0	0	0	0
0	0	0	0	0	0	0	0	0	0	0	0	0	0	0	0
0	0	0	0	0	0	0	0	0	0	0	0	0	0	0	0
0	0	0	0	0	0	0	0	0	0	0	0	0	0	0	0
0	0	0	0	0	0	0	0	0	0	0	0	0	0	0	0
0	0	0	0	0	0	0	0	0	0	0	0	0	0	0	0
0	0	0	0	0	0	0	0	0	0	0	0	0	0	0	0
0	0	0	0	0	0	0	0	0	0	0	0	0	0	0	0
0	0	0	0	0	0	0	0	0	0	0	0	0	0	0	0
0	0	0	0	0	0	0	0	0	0	0	0	0	0	0	0
0	0	0	0	0	0	0	0	0	0	0	0	0	0	0	0
0	0	0	0	0	0	0	0	0	0	0	0	0	0	0	0
0	0	0	0	0	0	0	0	0	0	0	0	0	0	0	0
0	0	0	0	0	0	0	0	0	0	0	0	0	0	0	0
0	0	0	0	0	0	0	0	0	0	0	0	0	0	0	0
0	0	0	0	0	0	0	0	0	0	0	0	0	0	0	0
0	0	0	0	0	0	0	0	0	0	0	0	0	0	0	0
0	0	0	0	0	0	0	0	0	0	0	0	0	0	0	0
0	0	0	0	0	0	0	0	0	0	0	0	0	0	0	0
0	0	0	0	0	0	0	0	0	0	0	0	0	0	0	0
0	0	0	0	0	0	0	0	0	0	0	0	0	0	0	0
0	0	0	0	0	0	0	0	0	0	0	0	0	0	0	0
0	0	0	0	0	0	0	0	0	0	0	0	0	0	0	0
0	0	0	0	0	0	0	0	0	0	0	0	0	0	0	0
0	0	0	0	0	0	0	0	0	0	0	0	0	0	0	0
0	0	0	0	0	0	0	0	0	0	0	0	0	0	0	0
0	0	0	0	0	0	0	0	0	0	0	0	0	0	0	0
0	0	0	0	0	0	0	0	0	0	0	0	0	0	0	0
0	0	0	0	0	0	0	0	0	0	0	0	0	0	0	0
0	0	0	0	0	0	0	0	0	0	0	0	0	0	0	0
0	0	0	0	0	0	0	0	0	0	0	0	0	0	0	0
0	0	0	0	0	0	0	0	0	0	0	0	0	0	0	0
0	0	0	0	0	0	0	0	0	0	0	0	0	0	0	0
0	0	0	0	0	0	0	0	0	0	0	0	0	0	0	0
0	0	0	0	0	0	0	0	0	0	0	0	0	0	0	0
0	0	0	0	0	0	0	0	0	0	0	0	0	0	0	0
0	0	0	0	0	0	0	0	0	0	0	0	0	0	0	0
0	0	0	0	0	0	0	0	0	0	0	0	0	0	0	0
0	0	0	0	0	0	0	0	0	0	0	0	0	0	0	0
0	0	0	0	0	0	0	0	0	0	0	0	0	0	0	0
0	0	0	0	0	0	0	0	0	0	0	0	0	0	0	0
0	0	0	0	0	0	0	0	0	0	0	0	0	0	0	0
0	0	0	0	0	0	0	0	0	0	0	0	0	0	0	0
0	0	0	0	0	0	0	0	0	0	0	0	0	0	0	0
0	0	0	0	0	0	0	0	0	0	0	0	0	0	0	0
0	0	0	0	0	0	0	0	0	0	0	0	0	0	0	0
0	0	0	0	0	0	0	0	0	0	0	0	0	0	0	0
0	0	0	0	0	0	0	0	0	0	0	0	0	0	0	0
0	0	0	0	0	0	0	0	0	0	0	0	0	0	0	0
0	0	0	0	0	0	0	0	0	0	0	0	0	0	0	0
0	0	0	0	0	0	0	0	0	0	0	0	0	0	0	0
0	0	0	0	0	0	0	0	0	0	0	0	0	0	0	0
0	0	0	0	0	0	0	0	0	0	0	0	0	0	0	0
0	0	0	0	0	0	0	0	0	0	0	0	0	0	0	0
0	0	0	0	0	0	0	0	0	0	0	0	0	0	0	0
0	0	0	0	0	0	0	0	0	0	0	0	0	0	0	0
0	0	0	0	0	0	0	0	0	0	0	0	0	0	0	0
0	0	0	0	0	0	0	0	0	0	0	0	0	0	0	0
0	0	0	0	0	0	0	0	0	0	0	0	0	0	0	0
0	0	0	0	0	0	0	0	0	0	0	0	0	0	0	0
0	0	0	0	0	0	0	0	0	0	0	0	0	0	0	0
0	0	0	0	0	0	0	0	0	0	0	0	0	0	0	0
0	0	0	0	0	0	0	0	0	0	0	0	0	0	0	0
0	0	0	0	0	0	0	0	0	0	0	0	0	0	0	0
0	0	0	0	0	0	0	0	0	0	0	0	0	0	0	0
0	0	0	0	0	0	0	0	0	0	0	0	0	0	0	0
0	0	0	0	0	0	0	0	0	0	0	0	0	0	0	0
0	0	0	0	0	0	0	0	0	0	0	0	0	0	0	0
0	0	0	0	0	0	0	0	0	0	0	0	0	0	0	0
0	0	0	0	0	0	0	0	0	0	0	0	0	0	0	0
0	0	0	0	0	0	0	0	0	0	0	0	0	0	0	0
0	0	0	0	0	0	0	0	0	0	0	0	0	0	0	0
0	0	0	0	0	0	0	0	0	0	0	0	0	0	0	0
0	0	0	0	0	0	0	0	0	0	0	0	0	0	0	0
0	0	0	0	0	0	0	0	0	0	0	0	0	0	0	0
0	0	0	0	0	0	0	0	0	0	0	0	0	0	0	0
0	0	0	0	0	0	0	0	0	0	0	0	0	0	0	0
0	0	0	0	0	0	0	0	0	0	0	0	0	0	0	0
0	0	0	0	0	0	0	0	0	0	0	0	0	0	0	0
0	0	0	0	0	0	0	0	0	0	0	0	0	0	0	0
0	0	0	0	0	0	0	0	0	0	0	0	0	0	0	0
0	0	0	0	0	0	0	0	0	0	0	0	0	0	0	0
0	0	0	0	0	0	0	0	0	0	0	0	0	0	0	0
0	0	0	0	0	0	0	0	0	0	0	0	0	0	0	0
0	0	0	0	0	0	0	0	0	0	0	0	0	0	0	0
0	0	0	0	0	0	0	0	0	0	0	0	0	0	0	0
0	0	0	0	0	0	0	0	0	0	0	0	0	0	0	0
0	0	0	0	0	0	0	0	0	0	0	0	0	0	0	0
0	0	0	0	0	0	0	0	0	0	0	0	0	0	0	0
0	0	0	0	0	0	0	0	0	0	0	0	0	0	0	0
0	0	0	0	0	0	0	0	0	0	0	0	0	0	0	0
0	0	0	0	0	0	0	0	0	0	0	0	0	0	0	0
0	0	0	0	0	0	0	0	0	0	0	0	0	0	0	0
0	0	0	0	0	0	0	0	0	0	0	0	0	0	0	0
0	0	0	0	0	0	0	0	0	0	0	0	0	0	0	0
0	0	0	0	0	0	0	0	0	0	0	0	0	0	0	0
0	0	0	0	0	0	0	0	0	0	0	0	0	0	0	0
0	0	0	0	0	0	0	0	0	0	0	0	0	0	0	0
0	0	0	0	0	0	0	0	0	0	0	0	0	0	0	0
0	0	0	0	0	0	0	0	0	0	0	0	0	0	0	0
0	0	0	0	0	0	0	0	0	0	0	0	0	0	0	0
0	0	0	0	0	0	0	0	0	0	0	0	0	0	0	0
0	0	0	0	0	0	0	0	0	0	0	0	0	0	0	0
0	0	0	0	0	0	0	0	0	0	0	0	0	0	0	0
0	0	0	0	0	0	0	0	0	0	0	0	0	0	0	0
0	0	0	0	0	0	0	0	0	0	0	0	0	0	0	0
0	0	0	0	0	0	0	0	0	0	0	0	0	0	0	0
0	0	0	0	0	0	0	0	0	0	0	0	0	0	0	0
0	0	0	0	0	0	0	0	0	0	0	0	0	0	0	0
0	0	0	0	0	0	0	0	0	0	0	0	0	0	0	0
0	0	0	0	0	0	0	0	0	0	0	0	0	0	0	0
0	0	0	0	0	0	0	0	0	0	0	0	0	0	0	0
0	0	0	0	0	0	0	0	0	0	0	0	0	0	0	0
0	0	0	0	0	0	0	0	0	0	0	0	0	0	0	0
0	0	0	0	0	0	0	0	0	0	0	0	0	0	0	0
0	0	0	0	0	0	0	0	0	0	0	0	0	0	0	0
0	0	0	0	0	0	0	0	0	0	0	0	0	0	0	0
0	0	0	0	0	0	0	0	0	0	0	0	0	0	0	0
0	0	0	0	0	0	0	0	0	0	0	0	0	0	0	0
0	0	0	0	0	0	0	0	0	0	0	0	0	0	0	0
0	0	0	0	0	0	0	0	0	0	0	0	0	0	0	0
0	0	0	0	0	0	0	0	0	0	0	0	0	0	0	0
0	0	0	0	0	0	0	0	0	0	0	0	0	0	0	0
0	0	0	0	0	0	0	0	0	0	0	0	0	0	0	0
0	0	0	0	0	0	0	0	0	0	0	0	0	0	0	0
0	0	0	0	0	0	0	0	0	0	0	0	0	0	0	0
0	0	0	0	0	0	0	0	0	0	0	0	0	0	0	0
0	0	0	0	0	0	0	0	0	0	0	0	0	0	0	0
0	0	0	0	0	0	0	0	0	0	0	0	0	0	0	0
0	0	0	0	0	0	0	0	0	0	0	0	0	0	0	0
0	0	0	0	0	0	0	0	0	0	0	0	0	0	0	0
0	0	0	0	0	0	0	0	0	0	0	0	0	0	0	0
0	0	0	0	0	0	0	0	0	0	0	0	0	0	0	0
0	0	0	0	0	0	0	0	0	0	0	0	0	0	0	0
0	0	0	0	0	0	0	0	0	0	0	0	0	0	0	0
0	0	0	0	0	0	0	0	0	0	0	0	0	0	0	0
0	0	0	0	0	0	0	0	0	0	0	0	0	0	0	0
0	0	0	0	0	0	0	0	0	0	0	0	0	0	0	0
0	0	0	0	0	0	0	0	0	0	0	0	0	0	0	0
0	0	0	0	0	0	0	0	0	0	0	0	0	0	0	0
0	0	0	0	0	0	0	0	0	0	0	0	0	0	0	0
0	0	0	0	0	0	0	0	0	0	0	0	0	0	0	0
0	0	0	0	0	0	0	0	0	0	0	0	0	0	0	0
0	0	0	0	0	0	0	0	0	0	0	0	0	0	0	0
0	0	0	0	0	0	0	0	0	0	0	0	0	0	0	0
0	0	0	0	0	0	0	0	0	0	0	0	0	0	0	0
0	0	0	0	0	0	0	0	0	0	0	0	0	0	0	0
0	0	0	0	0	0	0	0	0	0	0	0	0	0	0	0
0	0	0	0	0	0	0	0	0	0	0	0	0	0	0	0
0	0	0	0	0	0	0	0	0	0	0	0	0	0	0	0
0	0	0	0	0	0	0	0	0	0	0	0	0	0	0	0
0	0	0	0	0	0	0	0	0	0	0	0	0	0	0	0
0	0	0	0	0	0	0	0	0	0	0	0	0	0	0	0
0	0	0	0	0	0	0	0	0	0	0	0	0	0	0	0
0	0	0	0	0	0	0	0	0	0	0	0	0	0	0	0
0	0	0	0	0	0	0	0	0	0	0	0	0	0	0	0
0	0	0	0	0	0	0	0	0	0	0	0	0	0	0	0
0	0	0	0	0	0	0	0	0	0	0	0	0	0	0	0
0	0	0	0	0	0	0	0	0	0	0	0	0	0	0	0
0	0	0	0	0	0	0	0	0	0	0	0	0	0	0	0
0	0	0	0	0	0	0	0	0	0	0	0	0	0	0	0
0	0	0	0	0	0	0	0	0	0	0	0	0	0	0	0
0	0	0	0	0	0	0	0	0	0	0	0	0	0	0	0
0	0	0	0	0	0	0	0	0	0	0	0	0	0	0	0
0	0	0	0	0	0	0	0	0	0	0	0	0	0	0	0
0	0	0	0	0	0	0	0	0	0	0	0	0	0	0	0
0	0	0	0	0	0	0	0	0	0	0	0	0	0	0	0
0	0	0	0	0	0	0	0	0	0	0	0	0	0	0	0
0	0	0	0	0	0	0	0	0	0	0	0	0	0	0	0
0	0	0	0	0	0	0	0	0	0	0	0	0	0	0	0
0	0	0	0	0	0	0	0	0	0	0	0	0	0	0	0
0	0	0	0	0	0	0	0	0	0	0	0	0	0	0	0
0	0	0	0	0	0	0	0	0	0	0	0	0	0	0	0
0	0	0	0	0	0	0	0	0	0	0	0	0	0	0	0
0	0	0	0	0	0	0	0	0	0	0	0	0	0	0	0
0	0	0	0	0	0	0	0	0	0	0	0	0	0	0	0
0	0	0	0	0	0	0	0	0	0	0	0	0	0	0	0
0	0	0	0	0	0	0	0	0	0	0	0	0	0	0	0
0	0	0	0	0	0	0	0	0	0	0	0	0	0	0	0
0	0	0	0	0	0	0	0	0	0	0	0	0	0	0	0
0	0	0	0	0	0	0	0	0	0	0	0	0	0	0	0
0	0	0	0	0	0	0	0	0	0	0	0	0	0	0	0
0	0	0	0	0	0	0	0	0	0	0	0	0	0	0	0
0	0	0	0	0	0	0	0	0	0	0	0	0	0	0	0
0	0	0	0	0	0	0	0	0	0	0	0	0	0	0	0
0	0	0	0	0	0	0	0	0	0	0	0	0	0	0	0
0	0	0	0	0	0	0	0	0	0	0	0	0	0	0	0
0	0	0	0	0	0	0	0	0	0	0	0	0	0	0	0
0	0	0	0	0	0	0	0	0	0	0	0	0	0	0	0
0	0	0	0	0	0	0	0	0	0	0	0	0	0	0	0
0	0	0	0	0	0	0	0	0	0	0	0	0	0	0	0
0	0	0	0	0	0	0	0	0	0	0	0	0	0	0	0
0	0	0	0	0	0	0	0	0	0	0	0	0	0	0	0
0	0	0	0	0	0	0	0	0	0	0	0	0	0	0	0
0	0	0	0	0	0	0	0	0	0	0	0	0	0	0	0
0	0	0	0	0	0	0	0	0	0	0	0	0	0	0	0
0	0	0	0	0	0	0	0	0	0	0	0	0	0	0	0
0	0	0	0	0	0	0	0	0	0	0	0	0	0	0	0
0	0	0	0	0	0	0	0	0	0	0	0	0	0	0	0
0	0	0	0	0	0	0	0	0	0	0	0	0	0	0	0
0	0	0	0	0	0	0	0	0	0	0	0	0	0	0	0
0	0	0	0	0	0	0	0	0	0	0	0	0	0	0	0
0	0	0	0	0	0	0	0	0	0	0	0	0	0	0	0
0	0	0	0	0	0	0	0	0	0	0	0	0	0	0	0
0	0	0	0	0	0	0	0	0	0	0	0	0	0	0	0
0	0	0	0	0	0	0	0	0	0	0	0	0	0	0	0
0	0	0	0	0	0	0	0	0	0	0	0	0	0	0	0
0	0	0	0	0	0	0	0	0	0	0	0	0	0	0	0
0	0	0	0	0	0	0	0	0	0	0	0	0	0	0	0
0	0	0	0	0	0	0	0	0	0	0	0	0	0	0	0
0	0	0	0	0	0	0	0	0	0	0	0	0	0	0	0
0	0	0	0	0	0	0	0	0	0	0	0	0	0	0	0
0	0	0	0	0	0	0	0	0	0	0	0	0	0	0	0
0	0	0	0	0	0	0	0	0	0	0	0	0	0	0	0
0	0	0	0	0	0	0	0	0	0	0	0	0	0	0	0
0	0	0	0	0	0	0	0	0	0	0	0	0	0	0	0
0	0	0	0	0	0	0	0	0	0	0	0	0	0	0	0
0	0	0	0	0	0	0	0	0	0	0	0	0	0	0	0
0	0	0	0	0	0	0	0	0	0	0	0	0	0	0	0
0	0	0	0	0	0	0	0	0	0	0	0	0	0	0	0
0	0	0	0	0	0	0	0	0	0	0	0	0	0	0	0
0	0	0	0	0	0	0	0	0	0	0	0	0	0	0	0
0	0	0	0	0	0	0	0	0	0	0	0	0	0	0	0
0	0	0	0	0	0	0	0	0	0	0	0	0	0	0	0
0	0	0	0	0	0	0	0	0	0	0	0	0	0	0	0
0	0	0	0	0	0	0	0	0	0	0	0	0	0	0	0
0	0	0	0	0	0	0	0	0	0	0	0	0	0	0	0
0	0	0	0	0	0	0	0	0	0	0	0	0	0	0	0
0	0	0	0	0	0	0	0	0	0	0	0	0	0	0	0
0	0	0	0	0	0	0	0	0	0	0	0	0	0	0	0
0	0	0	0	0	0	0	0	0	0	0	0	0	0	0	0
0	0	0	0	0	0	0	0	0	0	0	0	0	0	0	0
0	0	0	0	0	0	0	0	0	0	0	0	0	0	0	0
0	0	0	0	0	0	0	0	0	0	0	0	0	0	0	0
0	0	0	0	0	0	0	0	0	0	0	0	0	0	0	0
0	0	0	0	0	0	0	0	0	0	0	0	0	0	0	0
0	0	0	0	0	0	0	0	0	0	0	0	0	0	0	0
0	0	0	0	0	0	0	0	0	0	0	0	0	0	0	0
0	0	0	0	0	0	0	0	0	0	0	0	0	0	0	0
0	0	0	0	0	0	0	0	0	0	0	0	0	0	0	0
0	0	0	0	0	0	0	0	0	0	0	0	0	0	0	0
0	0	0	0	0	0	0	0	0	0	0	0	0	0	0	0
0	0	0	0	0	0	0	0	0	0	0	0	0	0	0	0
0	0	0	0	0	0	0	0	0	0	0	0	0	0	0	0
0	0	0	0	0	0	0	0	0	0	0	0	0	0	0	0
0	0	0	0	0	0	0	0	0	0	0	0	0	0	0	0
0	0	0	0	0	0	0	0	0	0	0	0	0	0	0	0
0	0	0	0	0	0	0	0	0	0	0	0	0	0	0	0
0	0	0	0	0	0	0	0	0	0	0	0	0	0	0	0
0	0	0	0	0	0	0	0	0	0	0	0	0	0	0	0
0	0	0	0	0	0	0	0	0	0	0	0	0	0	0	0
0	0	0	0	0	0	0	0	0	0	0	0	0	0	0	0
0	0	0	0	0	0	0	0	0	0	0	0	0	0	0	0
0	0	0	0	0	0	0	0	0	0	0	0	0	0	0	0
0	0	0	0	0	0	0	0	0	0	0	0	0	0	0	0
0	0	0	0	0	0	0	0	0	0	0	0	0	0	0	0
0	0	0	0	0	0	0	0	0	0	0	0	0	0	0	0
0	0	0	0	0	0	0	0	0	0	0	0	0	0	0	0
0	0	0	0	0	0	0	0	0	0	0	0	0	0	0	0
0	0	0	0	0	0	0	0	0	0	0	0	0	0	0	0
0	0	0	0	0	0	0	0	0	0	0	0	0	0	0	0
0	0	0	0	0	0	0	0	0	0	0	0	0	0	0	0
0	0	0	0	0	0	0	0	0	0	0	0	0	0	0	0
0	0	0	0	0	0	0	0	0	0	0	0	0	0	0	0
0	0	0	0	0	0	0	0	0	0	0	0	0	0	0	0
0	0	0	0	0	0	0	0	0	0	0	0	0	0	0	0
0	0	0	0	0	0	0	0	0	0	0	0	0	0	0	0
0	0	0	0	0	0	0	0	0	0	0	0	0	0	0	0
0	0	0	0	0	0	0	0	0	0	0	0	0	0	0	0
0	0	0	0	0	0	0	0	0	0	0	0	0	0	0	0
0	0	0	0	0	0	0	0	0	0	0	0	0	0	0	0
0	0	0	0	0	0	0	0	0	0	0	0	0	0	0	0
0	0	0	0	0	0	0	0	0	0	0	0	0	0	0	0
0	0	0	0	0	0	0	0	0	0	0	0	0	0	0	0
0	0	0	0	0	0	0	0	0	0	0	0	0	0	0	0
0	0	0	0	0	0	0	0	0	0	0	0	0	0	0	0
0	0	0	0	0	0	0	0	0	0	0	0	0	0	0	0
0	0	0	0	0	0	0	0	0	0	0	0	0	0	0	0
0	0	0	0	0	0	0	0	0	0	0	0	0	0	0	0
0	0	0	0	0	0	0	0	0	0	0	0	0	0	0	0
0	0	0	0	0	0	0	0	0	0	0	0	0	0	0	0
0	0	0	0	0	0	0	0	0	0	0	0	0	0	0	0
0	0	0	0	99	8	93	8	89	8	88	8	89	8	90	8
87	8	82	8	79	8	80	8	79	8	81	8	79	8	79	8
79	8	79	8	80	8	79	8	79	8	80	8	79	8	81	8
82	8	80	8	82	8	82	8	84	8	86	8	105	8	135	8
150	8	133	8	93	8	93	8	97	8	85	8	87	8	86	8
85	8	85	8	86	8	86	8	86	8	85	8	83	8	85	8
83	8	86	8	84	8	84	8	83	8	85	8	84	8	85	8
84	8	84	8	84	8	83	8	83	8	82	8	80	8	82	8
77	8	77	8	75	8	75	8	74	8	73	8	73	8	72	8
70	8	70	8	71	8	72	8	71	8	70	8	67	8	68	8
68	8	70	8	69	8	67	8	66	8	66	8	62	8	64	8
62	8	58	8	58	8	59	8	53	8	60	8	56	8	63	8
63	8	62	8	62	8	57	8	59	8	59	8	63	8	63	8
65	8	65	8	63	8	62	8	61	8	60	8	62	8	63	8
63	8	65	8	62	8	63	8	60	8	60	8	60	8	62	8
62	8	62	8	64	8	62	8	62	8	61	8	60	8	58	8
60	8	60	8	61	8	61	8	61	8	63	8	64	8	64	8
64	8	64	8	65	8	67	8	68	8	69	8	70	8	72	8
74	8	75	8	74	8	76	8	77	8	79	8	79	8	81	8
79	8	80	8	79	8	79	8	79	8	81	8	81	8	80	8
80	8	79	8	78	8	77	8	79	8	79	8	81	8	81	8
79	8	78	8	79	8	76	8	77	8	78	8	77	8	78	8
77	8	76	8	78	8	77	8	79	8	79	8	81	8	82	8
83	8	75	8	74	8	74	8	72	8	72	8	72	8	72	8
70	8	70	8	67	8	67	8	67	8	68	8	69	8	70	8
70	8	71	8	72	8	67	8	64	8	61	8	60	8	59	8
58	8	56	8	56	8	56	8	55	8	56	8	54	8	56	8
54	8	54	8	56	8	56	8	57	8	55	8	57	8	56	8
58	8	55	8	56	8	58	8	54	8	57	8	57	8	57	8
58	8	58	8	58	8	59	8	58	8	59	8	59	8	59	8
59	8	61	8	61	8	62	8	61	8	61	8	63	8	64	8
65	8	64	8	66	8	65	8	66	8	67	8	66	8	66	8
65	8	70	8	70	8	72	8	70	8	72	8	71	8	74	8
73	8	74	8	74	8	76	8	74	8	77	8	78	8	78	8
79	8	76	8	77	8	79	8	82	8	77	8	77	8	79	8
78	8	77	8	78	8	76	8	78	8	77	8	77	8	77	8
79	8	77	8	78	8	79	8	78	8	79	8	78	8	78	8
78	8	80	8	79	8	79	8	79	8	79	8	82	8	81	8
81	8	81	8	81	8	81	8	82	8	81	8	83	8	81	8
81	8	81	8	80	8	80	8	81	8	81	8	80	8	80	8
79	8	77	8	75	8	72	8	74	8	72	8	72	8	69	8
68	8	67	8	66	8	66	8	66	8	65	8	66	8	64	8
66	8	66	8	67	8	66	8	66	8	65	8	63	8	64	8
65	8	66	8	66	8	65	8	66	8	65	8	66	8	66	8
66	8	64	8	64	8	63	8	64	8	64	8	66	8	65	8
65	8	65	8	66	8	67	8	65	8	65	8	65	8	66	8
66	8	66	8	64	8	67	8	66	8	66	8	67	8	69	8
66	8	66	8	66	8	66	8	67	8	66	8	68	8	68	8
68	8	66	8	67	8	68	8	67	8	67	8	69	8	70	8
70	8	70	8	72	8	72	8	73	8	72	8	73	8	74	8
75	8	73	8	76	8	75	8	75	8	76	8	76	8	78	8
79	8	79	8	78	8	79	8	79	8	81	8	79	8	81	8
80	8	83	8	79	8	80	8	81	8	81	8	82	8	81	8
83	8	83	8	81	8	83	8	83	8	82	8	83	8	80	8
82	8	82	8	81	8	80	8	79	8	77	8	76	8	76	8
74	8	74	8	72	8	69	8	69	8	69	8	67	8	67	8
67	8	65	8	65	8	64	8	63	8	63	8	65	8	63	8
63	8	64	8	64	8	62	8	60	8	62	8	60	8	61	8
60	8	63	8	62	8	60	8	61	8	60	8	60	8	62	8
61	8	63	8	62	8	62	8	61	8	61	8	60	8	63	8
59	8	62	8	61	8	64	8	64	8	62	8	64	8	64	8
62	8	63	8	63	8	63	8	64	8	66	8	65	8	65	8
66	8	65	8	65	8	62	8	64	8	65	8	66	8	64	8
65	8	65	8	66	8	67	8	65	8	67	8	67	8	64	8
67	8	67	8	66	8	69	8	69	8	70	8	70	8	70	8
72	8	72	8	72	8	74	8	74	8	75	8	74	8	74	8
78	8	77	8	77	8	75	8	77	8	77	8	78	8	78	8
78	8	78	8	79	8	77	8	77	8	79	8	77	8	77	8
80	8	79	8	78	8	78	8	78	8	76	8	77	8	78	8
77	8	79	8	76	8	78	8	78	8	76	8	77	8	76	8
77	8	76	8	78	8	76	8	78	8	76	8	78	8	78	8
78	8	75	8	75	8	73	8	73	8	73	8	73	8	73	8
72	8	71	8	72	8	72	8	72	8	72	8	74	8	73	8
72	8	73	8	72	8	72	8	72	8	72	8	72	8	73	8
72	8	72	8	71	8	71	8	70	8	70	8	70	8	72	8
71	8	69	8	69	8	70	8	69	8	70	8	71	8	70	8
71	8	69	8	72	8	71	8	71	8	71	8	72	8	71	8
71	8	71	8	72	8	69	8	71	8	73	8	72	8	73	8
73	8	75	8	72	8	74	8	74	8	74	8	74	8	73	8
74	8	74	8	75	8	73	8	72	8	73	8	72	8	73	8
74	8	74	8	72	8	74	8	75	8	74	8	75	8	77	8
74	8	75	8	76	8	75	8	76	8	76	8	77	8	74	8
75	8	76	8	75	8	73	8	75	8	77	8	75	8	75	8
77	8	78	8	78	8	77	8	79	8	77	8	77	8	78	8
78	8	81	8	80	8	79	8	81	8	83	8	82	8	80	8
81	8	81	8	81	8	81	8	81	8	79	8	79	8	76	8
76	8	75	8	75	8	73	8	74	8	73	8	71	8	73	8
70	8	71	8	69	8	69	8	70	8	71	8	71	8	68	8
67	8	71	8	71	8	68	8	69	8	68	8	70	8	70	8
68	8	68	8	68	8	68	8	65	8	64	8	66	8	66	8
65	8	66	8	65	8	65	8	66	8	67	8	66	8	67	8
66	8	65	8	65	8	65	8	65	8	62	8	62	8	64	8
64	8	64	8	62	8	62	8	63	8	64	8	63	8	63	8
65	8	63	8	63	8	64	8	66	8	64	8	68	8	67	8
68	8	68	8	68	8	67	8	70	8	69	8	69	8	70	8
70	8	71	8	69	8	69	8	71	8	71	8	70	8	71	8
71	8	72	8	72	8	71	8	71	8	71	8	72	8	72	8
70	8	72	8	71	8	73	8	73	8	74	8	73	8	73	8
75	8	74	8	76	8	75	8	76	8	74	8	76	8	77	8
76	8	76	8	77	8	77	8	77	8	75	8	76	8	77	8
78	8	76	8	76	8	76	8	75	8	72	8	72	8	73	8
72	8	71	8	72	8	69	8	71	8	70	8	69	8	70	8
68	8	68	8	67	8	68	8	69	8	67	8	68	8	70	8
69	8	69	8	69	8	67	8	67	8	70	8	68	8	69	8
67	8	67	8	68	8	68	8	70	8	68	8	69	8	69	8
68	8	68	8	67	8	67	8	67	8	67	8	65	8	67	8
67	8	67	8	68	8	66	8	67	8	66	8	67	8	67	8
67	8	67	8	66	8	67	8	67	8	68	8	67	8	65	8
64	8	67	8	67	8	67	8	66	8	68	8	67	8	69	8
69	8	67	8	68	8	69	8	69	8	68	8	68	8	70	8
70	8	69	8	71	8	71	8	70	8	70	8	67	8	69	8
71	8	68	8	73	8	71	8	72	8	69	8	72	8	72	8
73	8	73	8	80	8	71	8	73	8	74	8	72	8	72	8
73	8	72	8	72	8	72	8	72	8	72	8	70	8	73	8
72	8	69	8	69	8	68	8	68	8	64	8	64	8	63	8
64	8	62	8	61	8	61	8	61	8	60	8	61	8	62	8
55	8	61	8	61	8	60	8	58	8	61	8	60	8	62	8
59	8	59	8	54	8	58	8	60	8	59	8	59	8	58	8
56	8	59	8	58	8	58	8	58	8	59	8	56	8	58	8
58	8	57	8	58	8	59	8	58	8	58	8	52	8	59	8
58	8	59	8	59	8	58	8	58	8	59	8	58	8	56	8
59	8	55	8	59	8	59	8	59	8	58	8	59	8	59	8
58	8	58	8	58	8	58	8	57	8	57	8	58	8	58	8
57	8	52	8	55	8	57	8	54	8	54	8	45	8	50	8
48	8	45	8	36	8	40	8	35	8	29	8	24	8	21	8
16	8	8	8	3	8	2	8	255	7	2	8	255	7	0	8
13	8	79	8	136	8	135	8	124	8	111	8	104	8	103	8
141	8	132	8	128	8	100	8	68	8	99	8	118	8	114	8
118	8	108	8	138	8	139	8	124	8	129	8	141	8	150	8
118	8	140	8	135	8	126	8	116	8	131	8	121	8	117	8
123	8	112	8	111	8	115	8	124	8	127	8	119	8	125	8
122	8	111	8	86	8	111	8	103	8	107	8	103	8	101	8
103	8	108	8	107	8	96	8	88	8	95	8	78	8	68	8
79	8	94	8	92	8	92	8	90	8	90	8	89	8	97	8
90	8	97	8	109	8	103	8	110	8	104	8	112	8	108	8
99	8	105	8	97	8	104	8	113	8	117	8	109	8	116	8
124	8	124	8	111	8	112	8	114	8	109	8	119	8	114	8
137	8	138	8	135	8	122	8	113	8	113	8	141	8	143	8
134	8	108	8	114	8	142	8	131	8	107	8	103	8	117	8
121	8	108	8	107	8	95	8	120	8	144	8	125	8	125	8
116	8	109	8	119	8	140	8	138	8	128	8	131	8	128	8
137	8	142	8	128	8	129	8	132	8	131	8	126	8	147	8
144	8	141	8	124	8	123	8	128	8	135	8	130	8	146	8
148	8	147	8	138	8	137	8	120	8	119	8	109	8	133	8
132	8	146	8	143	8	136	8	128	8	130	8	132	8	117	8
124	8	141	8	128	8	117	8	126	8	112	8	117	8	126	8
126	8	116	8	119	8	118	8	112	8	99	8	101	8	100	8
108	8	105	8	94	8	87	8	89	8	132	8	130	8	117	8
126	8	122	8	118	8	117	8	115	8	101	8	117	8	100	8
93	8	101	8	93	8	97	8	109	8	105	8	103	8	96	8
102	8	101	8	106	8	102	8	106	8	101	8	101	8	105	8
97	8	89	8	98	8	103	8	91	8	88	8	91	8	91	8
73	8	54	8	79	8	68	8	75	8	63	8	57	8	33	8
16	8	18	8	23	8	13	8	11	8	12	8	255	7	255	7
6	8	241	7	235	7	234	7	255	7	253	7	255	7	253	7
255	7	255	7	255	7	255	7	249	7	248	7	247	7	247	7
245	7	247	7	246	7	245	7	245	7	248	7	245	7	243	7
246	7	245	7	245	7	245	7	244	7	247	7	245	7	245	7
245	7	245	7	246	7	247	7	247	7	245	7	242	7	243	7
245	7	247	7	245	7	245	7	247	7	247	7	244	7	247	7
248	7	250	7	246	7	249	7	250	7	245	7	246	7	248	7
245	7	246	7	247	7	247	7	245	7	247	7	246	7	243	7
252	7	250	7	248	7	245	7	241	7	243	7	241	7	244	7
243	7	248	7	242	7	246	7	240	7	241	7	239	7	243	7
242	7	243	7	241	7	241	7	242	7	241	7	241	7	246	7
240	7	242	7	241	7	242	7	243	7	241	7	240	7	243	7
242	7	243	7	239	7	241	7	239	7	239	7	242	7	241	7
240	7	241	7	239	7	241	7	241	7	242	7	242	7	244	7
244	7	240	7	242	7	246	7	241	7	240	7	242	7	240	7
241	7	242	7	243	7	243	7	241	7	241	7	244	7	241	7
242	7	241	7	243	7	246	7	242	7	243	7	245	7	242	7
243	7	241	7	243	7	243	7	245	7	244	7	245	7	249	7
243	7	243	7	243	7	245	7	245	7	246	7	244	7	245	7
248	7	245	7	247	7	241	7	243	7	248	7	245	7	246	7
251	7	252	7	245	7	247	7	243	7	247	7	246	7	249	7
247	7	245	7	247	7	243	7	244	7	247	7	243	7	241	7
243	7	246	7	243	7	243	7	245	7	244	7	243	7	244	7
244	7	242	7	243	7	241	7	245	7	246	7	243	7	241	7
241	7	241	7	242	7	243	7	242	7	241	7	243	7	241	7
241	7	241	7	246	7	243	7	242	7	243	7	241	7	243	7
243	7	243	7	243	7	243	7	243	7	241	7	243	7	243	7
242	7	243	7	243	7	243	7	246	7	242	7	242	7	243	7
245	7	245	7	243	7	243	7	243	7	243	7	244	7	246	7
244	7	246	7	244	7	245	7	245	7	245	7	245	7	246	7
245	7	246	7	245	7	245	7	243	7	248	7	248	7	245	7
250	7	247	7	247	7	247	7	245	7	247	7	246	7	246	7
246	7	247	7	245	7	248	7	249	7	245	7	247	7	248	7
249	7	251	7	251	7	250	7	250	7	255	7	253	7	254	7
255	7	255	7	91	8	112	8	107	8	108	8	115	8	127	8
136	8	159	8	160	8	167	8	160	8	150	8	158	8	169	8
154	8	151	8	146	8	143	8	139	8	124	8	133	8	133	8
146	8	146	8	168	8	165	8	144	8	126	8	129	8	135	8
133	8	138	8	138	8	124	8	134	8	124	8	123	8	126	8
124	8	126	8	120	8	116	8	116	8	116	8	119	8	124	8
125	8	117	8	109	8	114	8	117	8	113	8	109	8	108	8
105	8	110	8	113	8	108	8	113	8	113	8	111	8	119	8
116	8	89	8	88	8	72	8	97	8	101	8	120	8	118	8
112	8	90	8	73	8	100	8	108	8	98	8	81	8	85	8
92	8	92	8	94	8	98	8	93	8	85	8	89	8	102	8
107	8	115	8	96	8	106	8	97	8	95	8	67	8	110	8
116	8	116	8	109	8	126	8	130	8	135	8	142	8	138	8
138	8	135	8	117	8	113	8	113	8	120	8	118	8	122	8
129	8	135	8	149	8	156	8	176	8	181	8	173	8	169	8
158	8	159	8	170	8	164	8	193	8	206	8	211	8	197	8
181	8	176	8	171	8	174	8	174	8	166	8	164	8	168	8
161	8	155	8	177	8	147	8	152	8	157	8	188	8	191	8
160	8	189	8	173	8	165	8	166	8	147	8	133	8	135	8
130	8	126	8	125	8	108	8	118	8	114	8	112	8	110	8
107	8	109	8	105	8	106	8	100	8	92	8	100	8	105	8
120	8	90	8	135	8	132	8	131	8	115	8	86	8	99	8
83	8	84	8	73	8	102	8	81	8	50	8	99	8	104	8
111	8	105	8	94	8	93	8	89	8	55	8	44	8	46	8
41	8	44	8	51	8	50	8	49	8	51	8	48	8	49	8
51	8	51	8	51	8	51	8	54	8	51	8	52	8	52	8
52	8	52	8	51	8	53	8	53	8	56	8	59	8	61	8
64	8	63	8	65	8	72	8	72	8	73	8	72	8	69	8
69	8	67	8	73	8	75	8	77	8	75	8	78	8	81	8
84	8	89	8	93	8	97	8	98	8	103	8	114	8	129	8
131	8	118	8	121	8	120	8	114	8	142	8	141	8	120	8
109	8	119	8	123	8	120	8	142	8	158	8	177	8	163	8
168	8	161	8	165	8	169	8	166	8	154	8	154	8	155	8
166	8	154	8	154	8	165	8	168	8	163	8	140	8	126	8
124	8	129	8	135	8	134	8	129	8	114	8	99	8	132	8
120	8	113	8	118	8	119	8	122	8	117	8	105	8	105	8
117	8	116	8	128	8	124	8	113	8	121	8	115	8	108	8
130	8	135	8	119	8	104	8	103	8	123	8	105	8	103	8
96	8	91	8	96	8	120	8	117	8	110	8	109	8	89	8
97	8	104	8	99	8	99	8	109	8	107	8	95	8	95	8
97	8	92	8	76	8	80	8	79	8	70	8	78	8	76	8
67	8	59	8	57	8	42	8	54	8	54	8	60	8	65	8
70	8	73	8	72	8	62	8	61	8	59	8	55	8	61	8
59	8	59	8	60	8	60	8	55	8	40	8	56	8	54	8
55	8	59	8	57	8	58	8	59	8	68	8	75	8	67	8
69	8	72	8	82	8	82	8	82	8	79	8	88	8	150	8
155	8	141	8	150	8	148	8	143	8	148	8	158	8	162	8
152	8	158	8	134	8	160	8	179	8	181	8	154	8	138	8
148	8	150	8	153	8	150	8	135	8	129	8	130	8	113	8
97	8	72	8	63	8	61	8	70	8	106	8	110	8	112	8
105	8	101	8	128	8	142	8	138	8	135	8	129	8	120	8
135	8	135	8	131	8	129	8	127	8	125	8	117	8	96	8
54	8	55	8	73	8	77	8	76	8	75	8	74	8	72	8
68	8	55	8	57	8	67	8	66	8	60	8	72	8	75	8
66	8	70	8	74	8	66	8	61	8	67	8	76	8	74	8
69	8	71	8	70	8	68	8	79	8	75	8	69	8	71	8
76	8	101	8	96	8	99	8	93	8	84	8	84	8	84	8
88	8	96	8	96	8	95	8	97	8	93	8	98	8	99	8
93	8	95	8	93	8	99	8	108	8	110	8	107	8	93	8
96	8	102	8	119	8	131	8	129	8	126	8	125	8	124	8
121	8	136	8	136	8	137	8	130	8	138	8	139	8	118	8
123	8	153	8	158	8	151	8	157	8	162	8	158	8	164	8
162	8	147	8	150	8	152	8	142	8	137	8	129	8	132	8
146	8	135	8	142	8	136	8	136	8	155	8	149	8	148	8
155	8	152	8	144	8	157	8	143	8	152	8	157	8	159	8
155	8	153	8	152	8	150	8	143	8	130	8	123	8	119	8
125	8	118	8	126	8	112	8	113	8	114	8	90	8	106	8
90	8	97	8	99	8	95	8	110	8	113	8	106	8	121	8
101	8	117	8	115	8	100	8	87	8	83	8	84	8	92	8
93	8	97	8	100	8	101	8	96	8	90	8	91	8	94	8
96	8	100	8	104	8	99	8	101	8	100	8	103	8	105	8
105	8	104	8	106	8	122	8	123	8	116	8	112	8	110	8
105	8	107	8	110	8	110	8	116	8	121	8	124	8	126	8
130	8	135	8	135	8	135	8	135	8	141	8	144	8	143	8
136	8	129	8	142	8	147	8	155	8	166	8	146	8	144	8
156	8	155	8	156	8	158	8	155	8	152	8	158	8	156	8
143	8	127	8	123	8	126	8	132	8	130	8	130	8	134	8
144	8	144	8	144	8	143	8	155	8	155	8	160	8	159	8
155	8	155	8	154	8	152	8	142	8	148	8	144	8	151	8
148	8	150	8	146	8	152	8	152	8	155	8	151	8	150	8
132	8	124	8	115	8	107	8	97	8	93	8	93	8	96	8
96	8	101	8	99	8	114	8	114	8	115	8	104	8	108	8
113	8	113	8	102	8	83	8	77	8	84	8	91	8	91	8
97	8	95	8	97	8	111	8	92	8	101	8	89	8	89	8
90	8	97	8	116	8	119	8	119	8	126	8	126	8	127	8
124	8	120	8	130	8	136	8	141	8	130	8	103	8	118	8
112	8	122	8	121	8	117	8	123	8	128	8	131	8	136	8
143	8	142	8	142	8	146	8	152	8	152	8	152	8	150	8
150	8	146	8	142	8	137	8	118	8	101	8	108	8	118	8
114	8	117	8	106	8	101	8	107	8	104	8	116	8	114	8
106	8	125	8	121	8	138	8	148	8	129	8	136	8	130	8
134	8	136	8	140	8	138	8	134	8	139	8	138	8	138	8
126	8	118	8	117	8	111	8	101	8	73	8	2	8	251	7
252	7	253	7	251	7	249	7	251	7	249	7	249	7	247	7
249	7	250	7	245	7	245	7	249	7	248	7	243	7	247	7
247	7	243	7	243	7	245	7	245	7	245	7	243	7	243	7
243	7	243	7	243	7	242	7	243	7	241	7	241	7	244	7
242	7	241	7	239	7	241	7	242	7	239	7	242	7	239	7
241	7	239	7	237	7	241	7	241	7	239	7	239	7	241	7
242	7	241	7	237	7	241	7	243	7	240	7	242	7	239	7
240	7	239	7	239	7	242	7	239	7	242	7	239	7	241	7
239	7	241	7	239	7	243	7	239	7	240	7	239	7	246	7
9	8	25	8	36	8	41	8	21	8	241	7	246	7	251	7
9	8	251	7	243	7	239	7	241	7	239	7	239	7	240	7
239	7	239	7	239	7	237	7	241	7	237	7	239	7	239	7
238	7	237	7	239	7	239	7	239	7	239	7	239	7	239	7
241	7	239	7	237	7	238	7	239	7	242	7	239	7	239	7
239	7	239	7	241	7	239	7	243	7	239	7	240	7	241	7
240	7	241	7	241	7	241	7	242	7	244	7	243	7	243	7
241	7	241	7	241	7	242	7	243	7	244	7	241	7	239	7
241	7	242	7	239	7	239	7	238	7	239	7	240	7	239	7
239	7	239	7	239	7	242	7	241	7	241	7	239	7	238	7
239	7	241	7	237	7	238	7	238	7	238	7	237	7	237	7
242	7	239	7	242	7	239	7	240	7	240	7	238	7	237	7
238	7	238	7	239	7	237	7	237	7	243	7	237	7	237	7
237	7	237	7	237	7	235	7	238	7	237	7	238	7	237	7
239	7	237	7	235	7	237	7	238	7	237	7	237	7	237	7
239	7	242	7	239	7	239	7	237	7	238	7	237	7	239	7
239	7	240	7	237	7	237	7	241	7	239	7	237	7	239	7
238	7	243	7	238	7	239	7	237	7	239	7	241	7	239	7
239	7	239	7	242	7	243	7	246	7	240	7	242	7	243	7
243	7	245	7	243	7	243	7	243	7	245	7	2	8	245	7
243	7	245	7	35	8	249	7	38	8	30	8	21	8	251	7
245	7	242	7	239	7	238	7	245	7	247	7	251	7	251	7
26	8	17	8	15	8	23	8	9	8	7	8	5	8	5	8
245	7	247	7	246	7	241	7	239	7	237	7	243	7	241	7
250	7	19	8	16	8	22	8	50	8	40	8	58	8	50	8
54	8	36	8	3	8	237	7	235	7	237	7	237	7	237	7
239	7	239	7	238	7	237	7	239	7	238	7	240	7	235	7
235	7	236	7	237	7	239	7	237	7	237	7	237	7	235	7
238	7	236	7	235	7	237	7	235	7	236	7	235	7	240	7
238	7	236	7	235	7	238	7	237	7	239	7	237	7	239	7
237	7	238	7	239	7	237	7	239	7	238	7	241	7	239	7
242	7	241	7	240	7	3	8	244	7	245	7	252	7	249	7
249	7	240	7	237	7	239	7	237	7	236	7	239	7	235	7
237	7	237	7	237	7	239	7	241	7	239	7	245	7	245	7
237	7	239	7	239	7	237	7	237	7	236	7	237	7	239	7
239	7	239	7	25	8	32	8	34	8	5	8	248	7	20	8
4	8	245	7	245	7	240	7	239	7	241	7	239	7	243	7
246	7	243	7	240	7	242	7	243	7	240	7	239	7	241	7
241	7	237	7	242	7	241	7	243	7	241	7	241	7	241	7
241	7	241	7	241	7	239	7	239	7	239	7	238	7	235	7
237	7	239	7	237	7	237	7	235	7	237	7	237	7	238	7
237	7	236	7	239	7	237	7	233	7	235	7	235	7	236	7
235	7	236	7	234	7	236	7	237	7	237	7	237	7	237	7
235	7	239	7	236	7	237	7	238	7	235	7	236	7	238	7
235	7	238	7	238	7	233	7	236	7	238	7	238	7	238	7
235	7	236	7	237	7	237	7	237	7	239	7	239	7	238	7
239	7	237	7	236	7	237	7	237	7	238	7	237	7	237	7
237	7	237	7	238	7	240	7	239	7	239	7	237	7	237	7
239	7	237	7	239	7	239	7	239	7	237	7	237	7	242	7
243	7	241	7	243	7	237	7	239	7	239	7	241	7	241	7
242	7	245	7	41	8	30	8	247	7	249	7	250	7	247	7
251	7	245	8	227	8	214	8	173	8	156	8	136	8	111	8
91	8	85	8	84	8	75	8	44	8	13	8	239	7	239	7
236	7	254	7	66	8	53	8	51	8	57	8	48	8	57	8
74	8	72	8	49	8	59	8	50	8	9	8	247	7	244	7
244	7	5	8	9	8	12	8	9	8	7	8	251	7	241	7
241	7	238	7	239	7	241	7	239	7	238	7	235	7	238	7
239	7	236	7	237	7	239	7	237	7	236	7	235	7	238	7
236	7	237	7	239	7	236	7	235	7	239	7	235	7	236	7
238	7	238	7	237	7	236	7	237	7	237	7	238	7	236	7
235	7	237	7	237	7	236	7	235	7	233	7	235	7	236	7
237	7	237	7	237	7	236	7	237	7	236	7	238	7	237	7
237	7	233	7	237	7	235	7	240	7	236	7	236	7	239	7
238	7	238	7	236	7	234	7	235	7	237	7	235	7	237	7
238	7	236	7	237	7	239	7	238	7	239	7	238	7	240	7
249	7	252	7	239	7	239	7	242	7	237	7	245	7	46	8
28	8	34	8	29	8	19	8	253	7	255	7	239	7	238	7
243	7	247	7	242	7	243	7	242	7	241	7	244	7	241	7
244	7	238	7	237	7	241	7	237	7	238	7	239	7	242	7
237	7	239	7	239	7	236	7	240	7	239	7	238	7	237	7
237	7	237	7	239	7	237	7	238	7	241	7	235	7	236	7
237	7	239	7	239	7	235	7	236	7	239	7	237	7	237	7
236	7	236	7	237	7	239	7	240	7	237	7	237	7	238	7
237	7	236	7	235	7	235	7	235	7	235	7	237	7	237	7
239	7	237	7	235	7	237	7	239	7	237	7	235	7	237	7
236	7	235	7	238	7	239	7	236	7	238	7	238	7	237	7
237	7	236	7	238	7	236	7	235	7	236	7	237	7	237	7
235	7	237	7	239	7	237	7	235	7	235	7	237	7	235	7
238	7	235	7	239	7	233	7	237	7	235	7	237	7	237	7
237	7	235	7	236	7	239	7	237	7	237	7	239	7	237	7
239	7	239	7	243	7	237	7	237	7	241	7	243	7	237	7
239	7	243	7	244	7	243	7	239	7	237	7	243	7	243	7
242	7	239	7	243	7	242	7	241	7	236	7	241	7	240	7
237	7	239	7	240	7	235	7	239	7	239	7	238	7	236	7
237	7	240	7	237	7	239	7	246	7	237	7	239	7	237	7
238	7	237	7	239	7	239	7	239	7	237	7	237	7	237	7
243	7	239	7	241	7	242	7	237	7	239	7	240	7	244	7
241	7	241	7	241	7	241	7	241	7	239	7	241	7	240	7
243	7	242	7	242	7	241	7	242	7	242	7	241	7	239	7
241	7	243	7	241	7	245	7	243	7	243	7	243	7	243	7
243	7	246	7	245	7	247	7	240	7	241	7	244	7	241	7
243	7	241	7	243	7	243	7	243	7	243	7	243	7	243	7
241	7	252	7	9	8	20	8	16	8	19	8	3	8	255	7
0	8	5	8	35	8	77	8	78	8	70	8	65	8	66	8
68	8	70	8	68	8	66	8	69	8	75	8	80	8	81	8
87	8	85	8	88	8	97	8	104	8	109	8	111	8	108	8
106	8	123	8	133	8	89	8	89	8	104	8	104	8	100	8
93	8	93	8	113	8	120	8	113	8	144	8	140	8	142	8
113	8	105	8	110	8	111	8	120	8	130	8	122	8	122	8
122	8	109	8	106	8	92	8	102	8	99	8	117	8	124	8
125	8	121	8	132	8	107	8	118	8	109	8	92	8	78	8
89	8	109	8	117	8	135	8	138	8	144	8	147	8	146	8
142	8	142	8	140	8	129	8	147	8	148	8	146	8	139	8
130	8	114	8	96	8	100	8	109	8	112	8	102	8	102	8
103	8	103	8	99	8	100	8	100	8	111	8	103	8	107	8
117	8	129	8	145	8	142	8	140	8	126	8	133	8	130	8
131	8	130	8	118	8	110	8	96	8	112	8	112	8	113	8
124	8	134	8	125	8	128	8	132	8	132	8	123	8	142	8
145	8	142	8	154	8	145	8	130	8	145	8	150	8	145	8
140	8	127	8	137	8	137	8	123	8	122	8	142	8	142	8
140	8	142	8	140	8	142	8	141	8	139	8	146	8	146	8
144	8	146	8	156	8	158	8	163	8	166	8	168	8	164	8
157	8	163	8	164	8	162	8	161	8	159	8	162	8	160	8
160	8	158	8	159	8	150	8	128	8	116	8	120	8	132	8
159	8	167	8	162	8	159	8	160	8	164	8	158	8	167	8
161	8	166	8	163	8	163	8	153	8	161	8	162	8	163	8
161	8	165	8	162	8	151	8	138	8	116	8	126	8	114	8
88	8	152	8	152	8	161	8	159	8	158	8	142	8	125	8
125	8	126	8	128	8	154	8	162	8	155	8	128	8	118	8
137	8	150	8	148	8	143	8	150	8	147	8	147	8	154	8
150	8	139	8	132	8	137	8	142	8	144	8	134	8	119	8
117	8	112	8	117	8	120	8	124	8	133	8	129	8	133	8
147	8	142	8	134	8	112	8	129	8	125	8	122	8	133	8
136	8	137	8	140	8	138	8	132	8	152	8	144	8	124	8
138	8	130	8	119	8	134	8	130	8	121	8	116	8	107	8
128	8	133	8	124	8	136	8	144	8	149	8	158	8	167	8
164	8	163	8	162	8	146	8	150	8	160	8	172	8	172	8
171	8	170	8	162	8	166	8	170	8	169	8	166	8	168	8
168	8	163	8	162	8	159	8	152	8	156	8	154	8	147	8
147	8	144	8	151	8	150	8	164	8	164	8	164	8	156	8
154	8	162	8	155	8	143	8	124	8	151	8	155	8	164	8
161	8	158	8	157	8	161	8	158	8	161	8	159	8	147	8
106	8	96	8	97	8	102	8	116	8	104	8	101	8	106	8
120	8	115	8	113	8	119	8	91	8	116	8	117	8	138	8
138	8	128	8	102	8	127	8	147	8	162	8	160	8	158	8
154	8	140	8	124	8	120	8	113	8	104	8	104	8	99	8
79	8	67	8	67	8	74	8	104	8	103	8	110	8	111	8
113	8	112	8	108	8	106	8	111	8	112	8	117	8	114	8
137	8	147	8	133	8	128	8	107	8	122	8	143	8	122	8
111	8	111	8	115	8	105	8	107	8	106	8	93	8	105	8
108	8	129	8	124	8	105	8	124	8	124	8	120	8	110	8
89	8	114	8	116	8	114	8	107	8	125	8	122	8	100	8
105	8	109	8	116	8	130	8	133	8	150	8	132	8	123	8
120	8	127	8	142	8	154	8	164	8	159	8	158	8	163	8
155	8	130	8	117	8	132	8	132	8	93	8	114	8	116	8
112	8	120	8	120	8	123	8	112	8	103	8	116	8	112	8
109	8	110	8	116	8	125	8	121	8	118	8	126	8	137	8
126	8	119	8	123	8	117	8	124	8	123	8	107	8	106	8
105	8	103	8	84	8	76	8	88	8	147	8	135	8	127	8
131	8	126	8	127	8	149	8	146	8	134	8	134	8	145	8
147	8	140	8	125	8	117	8	113	8	112	8	101	8	98	8
96	8	86	8	72	8	73	8	85	8	91	8	74	8	78	8
75	8	81	8	89	8	109	8	109	8	106	8	106	8	106	8
105	8	109	8	112	8	114	8	107	8	108	8	107	8	108	8
108	8	121	8	113	8	112	8	112	8	118	8	117	8	109	8
115	8	100	8	105	8	104	8	98	8	89	8	86	8	88	8
67	8	24	8	252	7	252	7	250	7	249	7	252	7	249	7
249	7	243	7	243	7	245	7	245	7	246	7	246	7	241	7
244	7	242	7	241	7	243	7	240	7	241	7	243	7	242	7
243	7	243	7	241	7	243	7	243	7	239	7	242	7	246	7
246	7	240	7	245	7	239	7	241	7	243	7	240	7	239	7
255	7	55	8	37	8	36	8	28	8	1	8	246	7	243	7
243	7	239	7	242	7	241	7	239	7	240	7	239	7	240	7
240	7	239	7	237	7	240	7	239	7	239	7	239	7	239	7
242	7	239	7	237	7	237	7	239	7	242	7	239	7	242	7
242	7	238	7	238	7	239	7	239	7	240	7	242	7	240	7
237	7	238	7	242	7	238	7	241	7	239	7	239	7	239	7
239	7	237	7	239	7	239	7	239	7	242	7	237	7	238	7
239	7	239	7	241	7	242	7	239	7	238	7	237	7	239	7
239	7	239	7	239	7	239	7	242	7	239	7	239	7	239	7
237	7	238	7	239	7	239	7	241	7	238	7	238	7	240	7
238	7	239	7	236	7	241	7	243	7	243	7	243	7	243	7
241	7	242	7	242	7	247	7	242	7	243	7	243	7	239	7
245	7	245	7	244	7	245	7	249	7	247	7	249	7	244	7
241	7	243	7	244	7	241	7	247	7	243	7	242	7	244	7
245	7	245	7	246	7	239	7	244	7	239	7	239	7	239	7
241	7	239	7	240	7	241	7	241	7	244	7	245	7	239	7
240	7	240	7	239	7	238	7	241	7	237	7	239	7	242	7
238	7	242	7	238	7	238	7	237	7	235	7	239	7	237	7
242	7	237	7	240	7	237	7	239	7	239	7	242	7	239	7
237	7	237	7	240	7	237	7	237	7	239	7	237	7	237	7
237	7	242	7	240	7	240	7	243	7	241	7	240	7	236	7
240	7	239	7	238	7	242	7	237	7	239	7	237	7	242	7
239	7	238	7	238	7	237	7	239	7	237	7	238	7	238	7
239	7	239	7	238	7	239	7	239	7	239	7	240	7	239	7
240	7	242	7	239	7	239	7	239	7	240	7	239	7	239	7
239	7	241	7	239	7	239	7	238	7	242	7	243	7	240	7
243	7	245	7	242	7	244	7	243	7	241	7	246	7	239	7
245	7	241	7	239	7	244	7	247	7	250	7	156	8	151	8
114	8	110	8	83	8	3	8	251	7	247	7	244	7	243	7
245	7	247	7	247	7	251	7	110	8	103	8	100	8	70	8
248	7	251	7	241	7	249	7	243	7	241	7	240	7	236	7
241	7	237	7	242	7	243	7	249	7	247	7	251	7	245	7
239	7	247	7	50	8	9	8	245	7	237	7	242	7	238	7
238	7	237	7	238	7	239	7	242	7	240	7	237	7	239	7
237	7	237	7	239	7	238	7	237	7	237	7	239	7	237	7
239	7	251	7	251	7	241	7	241	7	239	7	22	8	22	8
21	8	29	8	28	8	28	8	29	8	29	8	29	8	26	8
22	8	27	8	31	8	32	8	33	8	15	8	245	7	241	7
27	8	26	8	25	8	27	8	3	8	6	8	25	8	17	8
250	7	239	7	237	7	237	7	239	7	239	7	238	7	237	7
238	7	237	7	242	7	239	7	239	7	237	7	241	7	240	7
247	7	246	7	65	8	71	8	181	8	155	8	30	8	244	7
242	7	245	7	243	7	243	7	243	7	243	7	241	7	241	7
245	7	245	7	245	7	248	7	244	7	249	7	245	7	243	7
243	7	244	7	245	7	247	7	251	7	245	7	242	7	246	7
243	7	246	7	241	7	240	7	244	7	241	7	243	7	247	7
239	7	244	7	239	7	240	7	240	7	237	7	236	7	241	7
239	7	242	7	237	7	239	7	239	7	240	7	238	7	239	7
239	7	239	7	239	7	235	7	238	7	237	7	238	7	239	7
239	7	242	7	238	7	239	7	238	7	239	7	236	7	235	7
239	7	238	7	237	7	237	7	237	7	238	7	239	7	237	7
242	7	242	7	237	7	238	7	237	7	239	7	241	7	242	7
242	7	238	7	238	7	238	7	240	7	7	8	13	8	20	8
19	8	15	8	14	8	3	8	239	7	243	7	237	7	239	7
239	7	238	7	242	7	237	7	236	7	238	7	235	7	242	7
240	7	237	7	239	7	240	7	237	7	239	7	239	7	239	7
238	7	238	7	240	7	241	7	241	7	241	7	242	7	239	7
240	7	237	7	241	7	238	7	240	7	246	7	243	7	243	7
238	7	241	7	245	7	245	7	249	7	247	7	237	7	239	7
243	7	237	7	244	7	127	8	146	8	143	8	65	8	1	8
243	7	243	7	250	7	245	7	248	7	247	7	244	7	245	7
249	7	245	7	243	7	249	7	243	7	243	7	237	7	237	7
239	7	237	7	237	7	237	7	236	7	237	7	239	7	237	7
238	7	239	7	235	7	238	7	238	7	238	7	237	7	237	7
239	7	238	7	237	7	239	7	237	7	235	7	233	7	236	7
237	7	238	7	239	7	237	7	238	7	236	7	236	7	237	7
237	7	240	7	236	7	235	7	237	7	237	7	237	7	239	7
239	7	241	7	238	7	235	7	237	7	235	7	237	7	237	7
239	7	237	7	237	7	237	7	237	7	239	7	237	7	237	7
239	7	235	7	235	7	235	7	240	7	235	7	235	7	237	7
236	7	237	7	237	7	237	7	235	7	237	7	237	7	239	7
235	7	239	7	237	7	237	7	236	7	237	7	235	7	237	7
239	7	239	7	243	7	240	7	242	7	249	7	239	7	243	7
241	7	242	7	248	7	241	7	238	7	241	7	235	7	239	7
243	7	242	7	239	7	239	7	239	7	250	7	250	7	239	7
241	7	241	7	243	7	243	7	239	7	247	7	245	7	247	7
248	7	247	7	249	7	247	7	246	7	248	7	73	8	90	8
82	8	70	8	73	8	85	8	83	8	74	8	66	8	74	8
75	8	80	8	72	8	54	8	77	8	72	8	63	8	92	8
101	8	99	8	99	8	87	8	92	8	87	8	84	8	96	8
83	8	99	8	96	8	96	8	91	8	99	8	88	8	91	8
81	8	97	8	97	8	86	8	89	8	85	8	79	8	88	8
94	8	90	8	91	8	100	8	100	8	110	8	111	8	104	8
107	8	110	8	111	8	112	8	112	8	105	8	121	8	113	8
108	8	134	8	132	8	130	8	124	8	119	8	101	8	112	8
127	8	121	8	121	8	114	8	87	8	75	8	79	8	93	8
97	8	112	8	122	8	112	8	113	8	108	8	114	8	123	8
124	8	124	8	129	8	123	8	118	8	105	8	205	8	235	8
216	8	174	8	159	8	174	8	177	8	195	8	195	8	185	8
178	8	164	8	158	8	175	8	184	8	144	8	135	8	137	8
165	8	170	8	163	8	146	8	149	8	157	8	140	8	145	8
144	8	140	8	155	8	132	8	120	8	130	8	134	8	136	8
122	8	121	8	114	8	117	8	108	8	116	8	116	8	102	8
115	8	112	8	112	8	107	8	101	8	85	8	90	8	78	8
89	8	89	8	93	8	89	8	106	8	100	8	82	8	83	8
99	8	97	8	90	8	89	8	88	8	86	8	81	8	83	8
83	8	71	8	95	8	96	8	99	8	97	8	94	8	73	8
105	8	88	8	105	8	113	8	105	8	105	8	95	8	94	8
107	8	114	8	111	8	115	8	117	8	124	8	122	8	95	8
115	8	129	8	119	8	94	8	118	8	119	8	115	8	130	8
132	8	126	8	126	8	121	8	140	8	144	8	144	8	138	8
136	8	152	8	152	8	153	8	132	8	142	8	138	8	135	8
138	8	137	8	144	8	150	8	155	8	162	8	158	8	162	8
162	8	163	8	177	8	193	8	185	8	175	8	175	8	188	8
187	8	179	8	166	8	177	8	161	8	171	8	199	8	187	8
178	8	205	8	196	8	229	8	183	8	165	8	199	8	146	8
138	8	149	8	143	8	145	8	136	8	129	8	127	8	134	8
128	8	121	8	125	8	128	8	122	8	105	8	94	8	96	8
100	8	100	8	99	8	94	8	84	8	76	8	75	8	77	8
99	8	110	8	113	8	122	8	119	8	119	8	105	8	107	8
121	8	104	8	109	8	111	8	98	8	103	8	112	8	119	8
122	8	127	8	139	8	136	8	130	8	130	8	129	8	125	8
130	8	122	8	124	8	124	8	113	8	121	8	120	8	118	8
109	8	109	8	124	8	125	8	128	8	118	8	85	8	104	8
105	8	107	8	101	8	118	8	113	8	96	8	85	8	102	8
103	8	103	8	103	8	93	8	102	8	100	8	89	8	89	8
90	8	91	8	97	8	98	8	109	8	114	8	115	8	120	8
120	8	95	8	88	8	86	8	93	8	83	8	89	8	92	8
93	8	95	8	101	8	116	8	128	8	126	8	128	8	146	8
156	8	169	8	157	8	157	8	149	8	156	8	168	8	201	8
236	8	10	9	28	9	249	8	232	8	156	8	141	8	125	8
127	8	155	8	203	8	146	8	105	8	110	8	110	8	101	8
97	8	96	8	91	8	93	8	101	8	86	8	84	8	96	8
105	8	109	8	96	8	94	8	96	8	105	8	88	8	83	8
93	8	88	8	88	8	88	8	99	8	101	8	88	8	79	8
78	8	91	8	83	8	69	8	88	8	82	8	76	8	83	8
111	8	105	8	78	8	87	8	96	8	89	8	96	8	100	8
94	8	92	8	72	8	91	8	96	8	99	8	112	8	99	8
86	8	89	8	105	8	104	8	92	8	108	8	103	8	96	8
93	8	70	8	117	8	95	8	128	8	128	8	126	8	124	8
101	8	109	8	135	8	129	8	102	8	111	8	121	8	118	8
108	8	115	8	107	8	100	8	111	8	107	8	104	8	113	8
103	8	112	8	107	8	105	8	100	8	101	8	114	8	100	8
96	8	98	8	108	8	120	8	125	8	119	8	132	8	132	8
131	8	149	8	131	8	118	8	116	8	139	8	134	8	124	8
149	8	235	8	182	8	140	8	116	8	108	8	143	8	164	8
112	8	103	8	101	8	97	8	93	8	100	8	117	8	124	8
135	8	122	8	132	8	104	8	109	8	121	8	160	8	136	8
111	8	98	8	95	8	103	8	98	8	82	8	81	8	91	8
95	8	97	8	96	8	95	8	102	8	107	8	88	8	82	8
77	8	69	8	66	8	76	8	73	8	77	8	86	8	87	8
90	8	88	8	71	8	65	8	61	8	62	8	56	8	54	8
78	8	78	8	79	8	76	8	81	8	77	8	83	8	63	8
50	8	65	8	51	8	47	8	72	8	76	8	83	8	75	8
60	8	57	8	35	8	20	8	7	8	237	7	243	7	241	7
241	7	241	7	244	7	243	7	242	7	240	7	241	7	241	7
240	7	241	7	237	7	235	7	235	7	237	7	237	7	239	7
237	7	238	7	237	7	237	7	239	7	239	7	236	7	238	7
236	7	235	7	237	7	237	7	236	7	237	7	235	7	238	7
237	7	239	7	237	7	235	7	237	7	237	7	233	7	238	7
237	7	239	7	241	7	239	7	237	7	238	7	239	7	238	7
238	7	242	7	237	7	235	7	245	7	88	8	83	8	114	8
62	8	247	7	251	7	9	8	237	7	242	7	239	7	235	7
237	7	237	7	237	7	239	7	236	7	237	7	239	7	236	7
236	7	235	7	233	7	235	7	238	7	238	7	233	7	233	7
233	7	236	7	236	7	232	7	235	7	233	7	232	7	235	7
234	7	233	7	233	7	235	7	235	7	236	7	233	7	238	7
235	7	235	7	235	7	235	7	234	7	233	7	234	7	234	7
235	7	233	7	235	7	235	7	238	7	234	7	235	7	235	7
235	7	234	7	235	7	233	7	234	7	236	7	235	7	234	7
234	7	236	7	233	7	237	7	234	7	233	7	232	7	236	7
235	7	238	7	234	7	233	7	236	7	236	7	233	7	233	7
235	7	234	7	236	7	233	7	235	7	235	7	236	7	239	7
240	7	238	7	239	7	3	8	243	7	245	7	238	7	239	7
251	7	106	8	249	7	244	7	243	7	235	7	251	7	20	8
211	8	170	8	4	8	205	8	183	8	105	8	255	7	6	8
238	7	238	7	248	8	253	8	14	9	6	9	244	8	220	8
219	8	189	8	145	8	241	7	237	7	238	7	239	7	238	7
237	7	237	7	247	7	239	7	125	8	134	8	109	8	123	8
60	8	11	8	236	7	238	7	238	7	238	7	234	7	234	7
234	7	237	7	234	7	235	7	238	7	233	7	250	7	13	8
7	8	19	8	22	8	25	8	27	8	1	8	21	8	233	7
234	7	235	7	233	7	235	7	236	7	236	7	235	7	235	7
236	7	235	7	236	7	235	7	236	7	236	7	236	7	238	7
237	7	235	7	236	7	234	7	235	7	235	7	235	7	235	7
236	7	235	7	237	7	238	7	233	7	234	7	238	7	235	7
233	7	236	7	237	7	237	7	238	7	237	7	238	7	233	7
233	7	237	7	238	7	238	7	234	7	236	7	239	7	242	7
238	7	238	7	236	7	239	7	238	7	234	7	237	7	239	7
238	7	236	7	245	7	249	7	239	7	242	7	237	7	243	7
193	8	222	8	201	8	178	8	158	8	138	8	112	8	245	7
5	8	249	7	140	8	133	8	124	8	111	8	109	8	101	8
100	8	89	8	72	8	34	8	242	7	241	7	242	7	244	7
243	7	240	7	239	7	240	7	237	7	238	7	237	7	240	7
237	7	235	7	238	7	238	7	243	7	235	7	238	7	235	7
234	7	238	7	237	7	236	7	238	7	232	7	238	7	237	7
234	7	234	7	235	7	235	7	235	7	236	7	238	7	238	7
238	7	236	7	234	7	236	7	237	7	239	7	237	7	236	7
236	7	235	7	236	7	237	7	238	7	238	7	236	7	229	7
235	7	234	7	237	7	238	7	234	7	238	7	236	7	238	7
235	7	238	7	236	7	235	7	238	7	235	7	238	7	238	7
236	7	238	7	235	7	238	7	236	7	233	7	238	7	235	7
235	7	238	7	236	7	238	7	238	7	235	7	238	7	237	7
238	7	234	7	236	7	57	8	55	8	45	8	247	7	238	7
83	8	88	8	67	8	64	8	49	8	251	7	242	7	239	7
242	7	241	7	242	7	255	7	32	8	12	8	245	7	241	7
241	7	241	7	238	7	242	7	242	7	236	7	235	7	238	7
237	7	253	7	44	8	34	8	242	7	29	8	246	7	237	7
236	7	238	7	235	7	243	7	243	7	243	7	230	7	236	7
233	7	236	7	235	7	232	7	235	7	235	7	238	7	235	7
236	7	232	7	234	7	233	7	235	7	235	7	237	7	236	7
236	7	234	7	236	7	235	7	235	7	236	7	235	7	235	7
238	7	236	7	236	7	235	7	235	7	235	7	232	7	230	7
238	7	234	7	234	7	235	7	238	7	238	7	240	7	239	7
239	7	240	7	242	7	241	7	239	7	242	7	245	7	242	7
241	7	238	7	243	7	241	7	238	7	21	8	239	7	241	7
243	7	239	7	244	7	243	7	242	7	239	7	245	7	242	7
241	7	240	7	242	7	236	7	242	7	242	7	237	7	237	7
238	7	235	7	235	7	239	7	237	7	235	7	239	7	235	7
235	7	235	7	236	7	235	7	235	7	236	7	236	7	236	7
234	7	236	7	236	7	234	7	233	7	234	7	234	7	234	7
234	7	233	7	238	7	237	7	235	7	235	7	235	7	234	7
235	7	234	7	235	7	236	7	234	7	231	7	235	7	235	7
236	7	236	7	235	7	235	7	235	7	234	7	234	7	236	7
237	7	236	7	233	7	240	7	240	7	237	7	238	7	236	7
242	7	242	7	239	7	242	7	239	7	240	7	242	7	239	7
237	7	242	7	238	7	238	7	238	7	235	7	240	7	239	7
239	7	240	7	239	7	237	7	240	7	234	7	236	7	235	7
235	7	235	7	235	7	235	7	238	7	236	7	236	7	235	7
235	7	233	7	233	7	238	7	236	7	238	7	235	7	236	7
236	7	235	7	237	7	235	7	235	7	236	7	238	7	237	7
237	7	237	7	235	7	237	7	238	7	238	7	232	7	235	7
236	7	234	7	236	7	235	7	238	7	238	7	235	7	236	7
238	7	236	7	237	7	234	7	235	7	238	7	235	7	234	7
235	7	235	7	238	7	242	7	237	7	240	7	238	7	233	7
238	7	236	7	238	7	236	7	235	7	238	7	234	7	238	7
235	7	235	7	238	7	251	7	243	7	249	7	1	8	1	8
5	8	10	8	7	8	2	8	2	8	7	8	3	8	255	7
2	8	3	8	3	8	3	8	5	8	3	8	255	7	249	7
251	7	2	8	254	7	252	7	247	7	249	7	253	7	255	7
5	8	7	8	3	8	10	8	7	8	9	8	9	8	5	8
7	8	7	8	11	8	12	8	15	8	13	8	32	8	52	8
64	8	67	8	65	8	62	8	53	8	33	8	22	8	20	8
23	8	19	8	21	8	20	8	18	8	251	7	243	7	240	7
239	7	239	7	242	7	239	7	239	7	236	7	239	7	233	7
240	7	236	7	240	7	238	7	236	7	242	7	238	7	238	7
235	7	235	7	242	7	239	7	236	7	237	7	237	7	239	7
238	7	255	7	1	8	255	7	255	7	255	7	1	8	1	8
1	8	5	8	5	8	4	8	3	8	6	8	7	8	7	8
7	8	10	8	11	8	9	8	9	8	13	8	13	8	14	8
16	8	16	8	19	8	20	8	21	8	24	8	32	8	24	8
63	8	50	8	59	8	52	8	62	8	59	8	66	8	65	8
59	8	59	8	55	8	53	8	44	8	44	8	52	8	52	8
52	8	54	8	46	8	46	8	51	8	52	8	55	8	64	8
64	8	67	8	72	8	73	8	77	8	81	8	85	8	89	8
95	8	96	8	97	8	99	8	101	8	103	8	98	8	118	8
112	8	108	8	101	8	99	8	98	8	99	8	107	8	106	8
118	8	113	8	120	8	156	8	145	8	162	8	163	8	175	8
177	8	169	8	177	8	168	8	160	8	128	8	125	8	100	8
100	8	86	8	76	8	73	8	87	8	79	8	80	8	84	8
126	8	156	8	124	8	121	8	131	8	89	8	79	8	86	8
112	8	125	8	67	8	56	8	24	8	3	8	1	8	252	7
249	7	247	7	249	7	251	7	0	8	5	8	1	8	252	7
253	7	255	7	3	8	3	8	5	8	2	8	4	8	3	8
3	8	2	8	5	8	5	8	1	8	253	7	255	7	255	7
247	7	253	7	251	7	255	7	4	8	21	8	20	8	15	8
14	8	18	8	15	8	13	8	19	8	27	8	38	8	56	8
49	8	49	8	37	8	66	8	77	8	53	8	61	8	62	8
56	8	59	8	64	8	68	8	82	8	79	8	92	8	90	8
93	8	59	8	64	8	54	8	45	8	25	8	28	8	70	8
44	8	23	8	17	8	29	8	19	8	31	8	14	8	7	8
9	8	7	8	50	8	21	8	23	8	12	8	16	8	7	8
255	7	253	7	2	8	8	8	12	8	9	8	254	7	0	8
248	7	243	7	251	7	246	7	243	7	241	7	241	7	237	7
238	7	230	7	230	7	230	7	234	7	233	7	231	7	234	7
234	7	243	7	245	7	247	7	246	7	249	7	248	7	253	7
0	8	14	8	22	8	23	8	19	8	32	8	47	8	48	8
49	8	45	8	47	8	44	8	51	8	38	8	45	8	50	8
54	8	42	8	42	8	32	8	34	8	29	8	38	8	31	8
36	8	47	8	50	8	51	8	54	8	59	8	60	8	64	8
69	8	79	8	85	8	89	8	88	8	91	8	92	8	95	8
86	8	88	8	91	8	97	8	88	8	71	8	55	8	27	8
251	7	16	8	245	7	247	7	28	8	9	8	117	8	179	8
108	8	108	8	109	8	100	8	83	8	92	8	96	8	89	8
83	8	78	8	72	8	72	8	83	8	85	8	86	8	90	8
75	8	74	8	73	8	72	8	74	8	73	8	70	8	52	8
43	8	51	8	63	8	72	8	68	8	62	8	58	8	59	8
58	8	58	8	59	8	59	8	58	8	59	8	57	8	59	8
58	8	59	8	58	8	59	8	57	8	53	8	58	8	60	8
59	8	59	8	59	8	59	8	58	8	57	8	60	8	58	8
59	8	59	8	58	8	59	8	59	8	58	8	57	8	58	8
57	8	49	8	52	8	50	8	53	8	53	8	48	8	52	8
54	8	54	8	55	8	56	8	58	8	61	8	64	8	65	8
67	8	67	8	68	8	66	8	66	8	71	8	74	8	76	8
77	8	81	8	80	8	81	8	81	8	83	8	82	8	81	8
83	8	85	8	84	8	88	8	91	8	91	8	90	8	89	8
85	8	87	8	86	8	87	8	90	8	94	8	95	8	91	8
89	8	89	8	88	8	88	8	89	8	85	8	84	8	85	8
80	8	80	8	77	8	76	8	77	8	77	8	77	8	78	8
75	8	76	8	78	8	80	8	79	8	80	8	82	8	82	8
81	8	81	8	81	8	79	8	81	8	84	8	84	8	85	8
86	8	82	8	83	8	82	8	81	8	79	8	71	8	35	8
43	8	38	8	36	8	40	8	44	8	42	8	44	8	39	8
42	8	45	8	49	8	14	8	9	8	9	8	7	8	8	8
7	8	8	8	7	8	7	8	9	8	7	8	9	8	7	8
9	8	67	8	70	8	67	8	70	8	69	8	69	8	75	8
77	8	76	8	76	8	75	8	79	8	77	8	79	8	78	8
77	8	79	8	79	8	79	8	78	8	79	8	79	8	82	8
80	8	79	8	82	8	81	8	80	8	82	8	83	8	84	8
86	8	87	8	90	8	93	8	98	8	100	8	106	8	116	8
OK
OK
OK
WARNING! RECEIVED =  (0)
WARNING! RECEIVED =  (0)
WARNING! RECEIVED = (1)
